Count: アニメティカで塗るマスの数
Block of 07 Count: `07`の連続するブロックの数
Hex: 改竄する範囲の16進数ダンプ
AnimeMaker: アニメティカで塗る色と座標
----
Count:
  17
Block of 07 Count:
   9
Hex:
00 00 00 00 00 00 00 00 00 00 00 07 00 00 07 07
d0 07 08 00 00 00 00 00 00 00 07 07 00 00 00 00
00 00 00 00 07 00 07 07 00 00 00 07 00 00 24 07
07 00 00 07 07 00 00 00 00 00 00 00 00 00 00 00
00 00 00 00 00 00 00 00 00 00 00 00 00 00 00 00
00 00 00 00 00 00 00 00 00 00 00 00 00 00 00 00
00 00 00 00 00 00 00 00 00 00 00 00 00 00 00 00
00 00 00 00 00 00 00 00 00 00 00 00 00 00 00 00
AnimeMaker:
  07: ( 43, 27)
  07: ( 46..47, 27)
  D0: ( 48, 27)
  07: ( 49, 27)
  08: ( 50, 27)
  07: ( 58..59, 27)
  07: ( 68, 27)
  07: ( 70..71, 27)
  07: ( 75, 27)
  24: ( 78, 27)
  07: ( 79..80, 27)
  07: ( 83..84, 27)
Visual:
y\x| 43       46 47 48 49 50                      58 59                         68    70 71          75       78 79 80       83 84
---+------------------------------------------------------------------------------------------------------------------------------
 27| 07       07 07 D0 07 08                      07 07                         07    07 07          07       24 07 07       07 07
----
Count:
  18
Block of 07 Count:
   8
Hex:
00 00 00 00 00 00 00 00 07 00 00 00 00 00 00 00
d0 07 08 00 00 00 00 00 07 07 00 07 00 00 00 00
00 00 07 07 07 07 00 07 00 00 00 00 07 07 24 07
07 07 00 00 00 00 00 00 00 00 00 00 00 00 00 00
00 00 00 00 00 00 00 00 00 00 00 00 00 00 00 00
00 00 00 00 00 00 00 00 00 00 00 00 00 00 00 00
00 00 00 00 00 00 00 00 00 00 00 00 00 00 00 00
00 00 00 00 00 00 00 00 00 00 00 00 00 00 00 00
AnimeMaker:
  07: ( 40, 27)
  D0: ( 48, 27)
  07: ( 49, 27)
  08: ( 50, 27)
  07: ( 56..57, 27)
  07: ( 59, 27)
  07: ( 66..69, 27)
  07: ( 71, 27)
  07: ( 76..77, 27)
  24: ( 78, 27)
  07: ( 79..81, 27)
Visual:
y\x| 40                      48 49 50                56 57    59                   66 67 68 69    71             76 77 78 79 80 81
---+------------------------------------------------------------------------------------------------------------------------------
 27| 07                      D0 07 08                07 07    07                   07 07 07 07    07             07 07 24 07 07 07
----
Count:
  18
Block of 07 Count:
   9
Hex:
00 00 00 00 00 00 00 00 07 07 07 07 00 00 00 00
d0 07 08 00 07 00 00 00 07 00 00 00 00 07 07 07
07 00 00 00 00 00 00 07 00 00 07 00 00 00 24 07
00 00 00 00 00 00 00 07 00 00 00 00 00 00 00 00
00 00 00 00 00 00 00 00 00 00 00 00 00 00 00 00
00 00 00 00 00 00 00 00 00 00 00 00 00 00 00 00
00 00 00 00 00 00 00 00 00 00 00 00 00 00 00 00
00 00 00 00 00 00 00 00 00 00 00 00 00 00 00 00
AnimeMaker:
  07: ( 40..43, 27)
  D0: ( 48, 27)
  07: ( 49, 27)
  08: ( 50, 27)
  07: ( 52, 27)
  07: ( 56, 27)
  07: ( 61..64, 27)
  07: ( 71, 27)
  07: ( 74, 27)
  24: ( 78, 27)
  07: ( 79, 27)
  07: ( 87, 27)
Visual:
y\x| 40 41 42 43             48 49 50    52          56             61 62 63 64                   71       74          78 79                      87
---+------------------------------------------------------------------------------------------------------------------------------------------------
 27| 07 07 07 07             D0 07 08    07          07             07 07 07 07                   07       07          24 07                      07
----
Count:
  19
Block of 07 Count:
   9
Hex:
00 00 00 00 00 00 00 00 00 00 00 00 00 00 07 00
d0 07 08 00 00 00 00 00 00 07 07 07 00 00 00 00
00 00 07 00 00 00 07 07 07 07 00 00 00 07 24 07
07 00 00 00 07 07 00 00 07 00 00 00 00 00 00 00
00 00 00 00 00 00 00 00 00 00 00 00 00 00 00 00
00 00 00 00 00 00 00 00 00 00 00 00 00 00 00 00
00 00 00 00 00 00 00 00 00 00 00 00 00 00 00 00
00 00 00 00 00 00 00 00 00 00 00 00 00 00 00 00
AnimeMaker:
  07: ( 46, 27)
  D0: ( 48, 27)
  07: ( 49, 27)
  08: ( 50, 27)
  07: ( 57..59, 27)
  07: ( 66, 27)
  07: ( 70..73, 27)
  07: ( 77, 27)
  24: ( 78, 27)
  07: ( 79..80, 27)
  07: ( 84..85, 27)
  07: ( 88, 27)
Visual:
y\x| 46    48 49 50                   57 58 59                   66          70 71 72 73          77 78 79 80          84 85       88
---+---------------------------------------------------------------------------------------------------------------------------------
 27| 07    D0 07 08                   07 07 07                   07          07 07 07 07          07 24 07 07          07 07       07
----
Count:
  20
Block of 07 Count:
   9
Hex:
00 00 00 00 00 00 00 07 07 07 07 00 00 07 00 00
d0 07 08 00 07 07 00 00 07 07 00 00 00 00 00 00
00 00 07 00 07 00 00 00 00 07 00 00 00 00 24 07
07 07 07 00 00 00 00 00 00 00 00 00 00 00 00 00
00 00 00 00 00 00 00 00 00 00 00 00 00 00 00 00
00 00 00 00 00 00 00 00 00 00 00 00 00 00 00 00
00 00 00 00 00 00 00 00 00 00 00 00 00 00 00 00
00 00 00 00 00 00 00 00 00 00 00 00 00 00 00 00
AnimeMaker:
  07: ( 39..42, 27)
  07: ( 45, 27)
  D0: ( 48, 27)
  07: ( 49, 27)
  08: ( 50, 27)
  07: ( 52..53, 27)
  07: ( 56..57, 27)
  07: ( 66, 27)
  07: ( 68, 27)
  07: ( 73, 27)
  24: ( 78, 27)
  07: ( 79..82, 27)
Visual:
y\x| 39 40 41 42       45       48 49 50    52 53       56 57                         66    68             73             78 79 80 81 82
---+------------------------------------------------------------------------------------------------------------------------------------
 27| 07 07 07 07       07       D0 07 08    07 07       07 07                         07    07             07             24 07 07 07 07
----
Count:
  21
Block of 07 Count:
   8
Hex:
00 00 00 00 00 00 00 00 07 07 00 00 00 00 00 00
d0 07 08 00 00 07 00 00 00 00 00 00 00 00 00 00
00 00 00 07 07 07 07 07 07 00 00 07 07 00 24 07
07 00 00 00 07 00 07 07 07 00 00 00 00 00 00 00
00 00 00 00 00 00 00 00 00 00 00 00 00 00 00 00
00 00 00 00 00 00 00 00 00 00 00 00 00 00 00 00
00 00 00 00 00 00 00 00 00 00 00 00 00 00 00 00
00 00 00 00 00 00 00 00 00 00 00 00 00 00 00 00
AnimeMaker:
  07: ( 40..41, 27)
  D0: ( 48, 27)
  07: ( 49, 27)
  08: ( 50, 27)
  07: ( 53, 27)
  07: ( 67..72, 27)
  07: ( 75..76, 27)
  24: ( 78, 27)
  07: ( 79..80, 27)
  07: ( 84, 27)
  07: ( 86..88, 27)
Visual:
y\x| 40 41                   48 49 50       53                                        67 68 69 70 71 72       75 76    78 79 80          84    86 87 88
---+---------------------------------------------------------------------------------------------------------------------------------------------------
 27| 07 07                   D0 07 08       07                                        07 07 07 07 07 07       07 07    24 07 07          07    07 07 07
----
Count:
  21
Block of 07 Count:
   9
Hex:
00 00 00 00 00 00 00 00 00 07 00 00 00 00 07 00
d0 07 08 00 00 00 07 07 07 00 07 07 07 07 07 00
00 07 00 00 00 07 07 00 00 00 00 00 00 00 24 07
07 07 00 00 00 00 07 00 00 00 00 00 00 00 00 00
00 00 00 00 00 00 00 00 00 00 00 00 00 00 00 00
00 00 00 00 00 00 00 00 00 00 00 00 00 00 00 00
00 00 00 00 00 00 00 00 00 00 00 00 00 00 00 00
00 00 00 00 00 00 00 00 00 00 00 00 00 00 00 00
AnimeMaker:
  07: ( 41, 27)
  07: ( 46, 27)
  D0: ( 48, 27)
  07: ( 49, 27)
  08: ( 50, 27)
  07: ( 54..56, 27)
  07: ( 58..62, 27)
  07: ( 65, 27)
  07: ( 69..70, 27)
  24: ( 78, 27)
  07: ( 79..81, 27)
  07: ( 86, 27)
Visual:
y\x| 41             46    48 49 50          54 55 56    58 59 60 61 62       65          69 70                      78 79 80 81             86
---+------------------------------------------------------------------------------------------------------------------------------------------
 27| 07             07    D0 07 08          07 07 07    07 07 07 07 07       07          07 07                      24 07 07 07             07
----
Count:
  21
Block of 07 Count:
   9
Hex:
00 00 00 00 00 00 00 00 00 07 07 07 00 07 07 07
d0 07 08 00 00 07 00 07 00 00 00 00 00 00 07 07
00 00 00 00 07 07 07 07 00 00 00 00 00 00 24 07
00 00 07 07 00 00 00 00 00 00 00 00 00 00 00 00
00 00 00 00 00 00 00 00 00 00 00 00 00 00 00 00
00 00 00 00 00 00 00 00 00 00 00 00 00 00 00 00
00 00 00 00 00 00 00 00 00 00 00 00 00 00 00 00
00 00 00 00 00 00 00 00 00 00 00 00 00 00 00 00
AnimeMaker:
  07: ( 41..43, 27)
  07: ( 45..47, 27)
  D0: ( 48, 27)
  07: ( 49, 27)
  08: ( 50, 27)
  07: ( 53, 27)
  07: ( 55, 27)
  07: ( 62..63, 27)
  07: ( 68..71, 27)
  24: ( 78, 27)
  07: ( 79, 27)
  07: ( 82..83, 27)
Visual:
y\x| 41 42 43    45 46 47 48 49 50       53    55                   62 63             68 69 70 71                   78 79       82 83
---+---------------------------------------------------------------------------------------------------------------------------------
 27| 07 07 07    07 07 07 D0 07 08       07    07                   07 07             07 07 07 07                   24 07       07 07
----
Count:
  22
Block of 07 Count:
   9
Hex:
00 00 00 00 00 00 00 00 00 00 00 00 00 00 00 07
d0 07 08 00 07 07 00 00 00 00 07 07 00 07 07 07
07 07 00 00 00 07 00 00 00 00 00 00 00 00 24 07
00 00 07 07 07 00 07 07 07 00 00 00 00 00 00 00
00 00 00 00 00 00 00 00 00 00 00 00 00 00 00 00
00 00 00 00 00 00 00 00 00 00 00 00 00 00 00 00
00 00 00 00 00 00 00 00 00 00 00 00 00 00 00 00
00 00 00 00 00 00 00 00 00 00 00 00 00 00 00 00
AnimeMaker:
  07: ( 47, 27)
  D0: ( 48, 27)
  07: ( 49, 27)
  08: ( 50, 27)
  07: ( 52..53, 27)
  07: ( 58..59, 27)
  07: ( 61..65, 27)
  07: ( 69, 27)
  24: ( 78, 27)
  07: ( 79, 27)
  07: ( 82..84, 27)
  07: ( 86..88, 27)
Visual:
y\x| 47 48 49 50    52 53             58 59    61 62 63 64 65          69                         78 79       82 83 84    86 87 88
---+------------------------------------------------------------------------------------------------------------------------------
 27| 07 D0 07 08    07 07             07 07    07 07 07 07 07          07                         24 07       07 07 07    07 07 07
----
Count:
  22
Block of 07 Count:
   9
Hex:
00 00 00 00 00 00 00 00 00 00 00 07 07 00 00 07
d0 07 08 00 00 07 07 00 00 00 00 00 00 00 00 00
00 00 07 07 00 07 07 07 07 00 00 00 00 00 24 07
00 07 07 07 00 07 07 07 00 00 00 00 00 00 00 00
00 00 00 00 00 00 00 00 00 00 00 00 00 00 00 00
00 00 00 00 00 00 00 00 00 00 00 00 00 00 00 00
00 00 00 00 00 00 00 00 00 00 00 00 00 00 00 00
00 00 00 00 00 00 00 00 00 00 00 00 00 00 00 00
AnimeMaker:
  07: ( 43..44, 27)
  07: ( 47, 27)
  D0: ( 48, 27)
  07: ( 49, 27)
  08: ( 50, 27)
  07: ( 53..54, 27)
  07: ( 66..67, 27)
  07: ( 69..72, 27)
  24: ( 78, 27)
  07: ( 79, 27)
  07: ( 81..83, 27)
  07: ( 85..87, 27)
Visual:
y\x| 43 44       47 48 49 50       53 54                                  66 67    69 70 71 72                78 79    81 82 83    85 86 87
---+---------------------------------------------------------------------------------------------------------------------------------------
 27| 07 07       07 D0 07 08       07 07                                  07 07    07 07 07 07                24 07    07 07 07    07 07 07
----
Count:
  22
Block of 07 Count:
   9
Hex:
00 00 00 00 00 00 00 00 00 07 00 00 00 00 00 00
d0 07 08 00 00 00 00 00 00 00 00 07 00 00 07 07
07 07 07 07 00 07 07 07 07 00 07 07 07 00 24 07
00 00 00 07 00 07 00 00 00 00 00 00 00 00 00 00
00 00 00 00 00 00 00 00 00 00 00 00 00 00 00 00
00 00 00 00 00 00 00 00 00 00 00 00 00 00 00 00
00 00 00 00 00 00 00 00 00 00 00 00 00 00 00 00
00 00 00 00 00 00 00 00 00 00 00 00 00 00 00 00
AnimeMaker:
  07: ( 41, 27)
  D0: ( 48, 27)
  07: ( 49, 27)
  08: ( 50, 27)
  07: ( 59, 27)
  07: ( 62..67, 27)
  07: ( 69..72, 27)
  07: ( 74..76, 27)
  24: ( 78, 27)
  07: ( 79, 27)
  07: ( 83, 27)
  07: ( 85, 27)
Visual:
y\x| 41                   48 49 50                         59       62 63 64 65 66 67    69 70 71 72    74 75 76    78 79          83    85
---+---------------------------------------------------------------------------------------------------------------------------------------
 27| 07                   D0 07 08                         07       07 07 07 07 07 07    07 07 07 07    07 07 07    24 07          07    07
----
Count:
  22
Block of 07 Count:
   9
Hex:
00 00 00 00 00 00 00 00 00 07 07 00 00 00 00 00
d0 07 08 00 00 07 00 00 00 00 07 00 00 00 00 00
00 07 00 07 00 00 00 00 07 07 07 07 07 00 24 07
07 07 07 00 07 07 07 00 00 00 00 00 00 00 00 00
00 00 00 00 00 00 00 00 00 00 00 00 00 00 00 00
00 00 00 00 00 00 00 00 00 00 00 00 00 00 00 00
00 00 00 00 00 00 00 00 00 00 00 00 00 00 00 00
00 00 00 00 00 00 00 00 00 00 00 00 00 00 00 00
AnimeMaker:
  07: ( 41..42, 27)
  D0: ( 48, 27)
  07: ( 49, 27)
  08: ( 50, 27)
  07: ( 53, 27)
  07: ( 58, 27)
  07: ( 65, 27)
  07: ( 67, 27)
  07: ( 72..76, 27)
  24: ( 78, 27)
  07: ( 79..82, 27)
  07: ( 84..86, 27)
Visual:
y\x| 41 42                48 49 50       53             58                   65    67             72 73 74 75 76    78 79 80 81 82    84 85 86
---+------------------------------------------------------------------------------------------------------------------------------------------
 27| 07 07                D0 07 08       07             07                   07    07             07 07 07 07 07    24 07 07 07 07    07 07 07
----
Count:
  22
Block of 07 Count:
   9
Hex:
00 00 00 00 00 00 00 00 07 00 00 00 00 07 07 00
d0 07 08 00 07 07 07 07 07 00 00 00 07 07 07 07
07 07 00 00 00 07 00 00 07 00 00 00 00 00 24 07
00 00 00 00 00 00 00 00 07 00 00 00 00 00 00 00
00 00 00 00 00 00 00 00 00 00 00 00 00 00 00 00
00 00 00 00 00 00 00 00 00 00 00 00 00 00 00 00
00 00 00 00 00 00 00 00 00 00 00 00 00 00 00 00
00 00 00 00 00 00 00 00 00 00 00 00 00 00 00 00
AnimeMaker:
  07: ( 40, 27)
  07: ( 45..46, 27)
  D0: ( 48, 27)
  07: ( 49, 27)
  08: ( 50, 27)
  07: ( 52..56, 27)
  07: ( 60..65, 27)
  07: ( 69, 27)
  07: ( 72, 27)
  24: ( 78, 27)
  07: ( 79, 27)
  07: ( 88, 27)
Visual:
y\x| 40             45 46    48 49 50    52 53 54 55 56          60 61 62 63 64 65          69       72                78 79                         88
---+---------------------------------------------------------------------------------------------------------------------------------------------------
 27| 07             07 07    D0 07 08    07 07 07 07 07          07 07 07 07 07 07          07       07                24 07                         07
----
Count:
  22
Block of 07 Count:
   9
Hex:
00 00 00 00 00 00 00 07 07 07 00 00 00 00 00 00
d0 07 08 00 00 00 07 07 00 00 00 07 07 07 07 07
07 00 00 00 00 00 00 00 00 07 07 00 00 07 24 07
00 00 00 00 07 00 00 07 07 00 00 00 00 00 00 00
00 00 00 00 00 00 00 00 00 00 00 00 00 00 00 00
00 00 00 00 00 00 00 00 00 00 00 00 00 00 00 00
00 00 00 00 00 00 00 00 00 00 00 00 00 00 00 00
00 00 00 00 00 00 00 00 00 00 00 00 00 00 00 00
AnimeMaker:
  07: ( 39..41, 27)
  D0: ( 48, 27)
  07: ( 49, 27)
  08: ( 50, 27)
  07: ( 54..55, 27)
  07: ( 59..64, 27)
  07: ( 73..74, 27)
  07: ( 77, 27)
  24: ( 78, 27)
  07: ( 79, 27)
  07: ( 84, 27)
  07: ( 87..88, 27)
Visual:
y\x| 39 40 41                   48 49 50          54 55          59 60 61 62 63 64                         73 74       77 78 79             84       87 88
---+------------------------------------------------------------------------------------------------------------------------------------------------------
 27| 07 07 07                   D0 07 08          07 07          07 07 07 07 07 07                         07 07       07 24 07             07       07 07
----
Count:
  22
Block of 07 Count:
   9
Hex:
00 00 00 00 00 00 00 07 07 07 07 00 07 00 00 00
d0 07 08 00 07 07 07 07 00 00 00 00 00 00 07 00
00 00 00 00 00 07 07 07 00 00 00 00 00 07 24 07
07 07 00 00 00 00 07 00 00 00 00 00 00 00 00 00
00 00 00 00 00 00 00 00 00 00 00 00 00 00 00 00
00 00 00 00 00 00 00 00 00 00 00 00 00 00 00 00
00 00 00 00 00 00 00 00 00 00 00 00 00 00 00 00
00 00 00 00 00 00 00 00 00 00 00 00 00 00 00 00
AnimeMaker:
  07: ( 39..42, 27)
  07: ( 44, 27)
  D0: ( 48, 27)
  07: ( 49, 27)
  08: ( 50, 27)
  07: ( 52..55, 27)
  07: ( 62, 27)
  07: ( 69..71, 27)
  07: ( 77, 27)
  24: ( 78, 27)
  07: ( 79..81, 27)
  07: ( 86, 27)
Visual:
y\x| 39 40 41 42    44          48 49 50    52 53 54 55                   62                   69 70 71                77 78 79 80 81             86
---+------------------------------------------------------------------------------------------------------------------------------------------------
 27| 07 07 07 07    07          D0 07 08    07 07 07 07                   07                   07 07 07                07 24 07 07 07             07
----
Count:
  23
Block of 07 Count:
   9
Hex:
00 00 00 00 00 00 00 00 00 00 07 00 07 07 00 00
d0 07 08 00 07 07 07 00 07 00 00 00 00 00 00 07
07 07 07 07 00 00 00 00 00 00 07 00 00 00 24 07
07 00 00 00 07 07 07 07 00 00 00 00 00 00 00 00
00 00 00 00 00 00 00 00 00 00 00 00 00 00 00 00
00 00 00 00 00 00 00 00 00 00 00 00 00 00 00 00
00 00 00 00 00 00 00 00 00 00 00 00 00 00 00 00
00 00 00 00 00 00 00 00 00 00 00 00 00 00 00 00
AnimeMaker:
  07: ( 42, 27)
  07: ( 44..45, 27)
  D0: ( 48, 27)
  07: ( 49, 27)
  08: ( 50, 27)
  07: ( 52..54, 27)
  07: ( 56, 27)
  07: ( 63..67, 27)
  07: ( 74, 27)
  24: ( 78, 27)
  07: ( 79..80, 27)
  07: ( 84..87, 27)
Visual:
y\x| 42    44 45       48 49 50    52 53 54    56                   63 64 65 66 67                   74          78 79 80          84 85 86 87
---+------------------------------------------------------------------------------------------------------------------------------------------
 27| 07    07 07       D0 07 08    07 07 07    07                   07 07 07 07 07                   07          24 07 07          07 07 07 07
----
Count:
  23
Block of 07 Count:
   9
Hex:
00 00 00 00 00 00 00 00 00 00 07 07 07 07 00 00
d0 07 08 00 07 07 00 00 07 00 00 07 07 00 00 00
00 00 07 00 00 00 07 07 07 00 00 00 00 00 24 07
07 07 07 07 00 00 07 00 00 00 00 00 00 00 00 00
00 00 00 00 00 00 00 00 00 00 00 00 00 00 00 00
00 00 00 00 00 00 00 00 00 00 00 00 00 00 00 00
00 00 00 00 00 00 00 00 00 00 00 00 00 00 00 00
00 00 00 00 00 00 00 00 00 00 00 00 00 00 00 00
AnimeMaker:
  07: ( 42..45, 27)
  D0: ( 48, 27)
  07: ( 49, 27)
  08: ( 50, 27)
  07: ( 52..53, 27)
  07: ( 56, 27)
  07: ( 59..60, 27)
  07: ( 66, 27)
  07: ( 70..72, 27)
  24: ( 78, 27)
  07: ( 79..83, 27)
  07: ( 86, 27)
Visual:
y\x| 42 43 44 45       48 49 50    52 53       56       59 60                66          70 71 72                78 79 80 81 82 83       86
---+---------------------------------------------------------------------------------------------------------------------------------------
 27| 07 07 07 07       D0 07 08    07 07       07       07 07                07          07 07 07                24 07 07 07 07 07       07
----
Count:
  23
Block of 07 Count:
   9
Hex:
00 00 00 00 00 00 00 00 00 00 07 07 07 07 07 07
d0 07 08 00 00 07 07 07 07 07 00 00 00 00 00 07
07 00 00 00 00 00 07 07 00 00 00 07 00 07 24 07
00 07 00 00 00 00 00 00 00 00 00 00 00 00 00 00
00 00 00 00 00 00 00 00 00 00 00 00 00 00 00 00
00 00 00 00 00 00 00 00 00 00 00 00 00 00 00 00
00 00 00 00 00 00 00 00 00 00 00 00 00 00 00 00
00 00 00 00 00 00 00 00 00 00 00 00 00 00 00 00
AnimeMaker:
  07: ( 42..47, 27)
  D0: ( 48, 27)
  07: ( 49, 27)
  08: ( 50, 27)
  07: ( 53..57, 27)
  07: ( 63..64, 27)
  07: ( 70..71, 27)
  07: ( 75, 27)
  07: ( 77, 27)
  24: ( 78, 27)
  07: ( 79, 27)
  07: ( 81, 27)
Visual:
y\x| 42 43 44 45 46 47 48 49 50       53 54 55 56 57                63 64                70 71          75    77 78 79    81
---+------------------------------------------------------------------------------------------------------------------------
 27| 07 07 07 07 07 07 D0 07 08       07 07 07 07 07                07 07                07 07          07    07 24 07    07
----
*
Count:
  24
Block of 07 Count:
   7
Hex:
00 00 00 00 00 00 00 00 00 00 00 00 00 00 07 00
d0 07 08 00 00 00 07 07 07 07 07 07 07 07 07 07
00 00 00 00 00 00 00 00 00 07 07 00 07 07 24 07
07 00 00 00 07 07 07 00 00 00 00 00 00 00 00 00
00 00 00 00 00 00 00 00 00 00 00 00 00 00 00 00
00 00 00 00 00 00 00 00 00 00 00 00 00 00 00 00
00 00 00 00 00 00 00 00 00 00 00 00 00 00 00 00
00 00 00 00 00 00 00 00 00 00 00 00 00 00 00 00
AnimeMaker:
  07: ( 46, 27)
  D0: ( 48, 27)
  07: ( 49, 27)
  08: ( 50, 27)
  07: ( 54..63, 27)
  07: ( 73..74, 27)
  07: ( 76..77, 27)
  24: ( 78, 27)
  07: ( 79..80, 27)
  07: ( 84..86, 27)
Visual:
y\x| 46    48 49 50          54 55 56 57 58 59 60 61 62 63                            73 74    76 77 78 79 80          84 85 86
---+---------------------------------------------------------------------------------------------------------------------------
 27| 07    D0 07 08          07 07 07 07 07 07 07 07 07 07                            07 07    07 07 24 07 07          07 07 07
----
Count:
  24
Block of 07 Count:
   9
Hex:
00 00 00 00 00 00 00 00 00 00 07 07 07 07 00 00
d0 07 08 00 07 07 07 07 00 00 00 07 00 07 07 07
00 00 00 00 00 00 00 00 00 00 07 00 07 00 24 07
07 07 07 07 00 00 00 00 07 00 00 00 00 00 00 00
00 00 00 00 00 00 00 00 00 00 00 00 00 00 00 00
00 00 00 00 00 00 00 00 00 00 00 00 00 00 00 00
00 00 00 00 00 00 00 00 00 00 00 00 00 00 00 00
00 00 00 00 00 00 00 00 00 00 00 00 00 00 00 00
AnimeMaker:
  07: ( 42..45, 27)
  D0: ( 48, 27)
  07: ( 49, 27)
  08: ( 50, 27)
  07: ( 52..55, 27)
  07: ( 59, 27)
  07: ( 61..63, 27)
  07: ( 74, 27)
  07: ( 76, 27)
  24: ( 78, 27)
  07: ( 79..83, 27)
  07: ( 88, 27)
Visual:
y\x| 42 43 44 45       48 49 50    52 53 54 55          59    61 62 63                               74    76    78 79 80 81 82 83             88
---+---------------------------------------------------------------------------------------------------------------------------------------------
 27| 07 07 07 07       D0 07 08    07 07 07 07          07    07 07 07                               07    07    24 07 07 07 07 07             07
----
Count:
  24
Block of 07 Count:
   9
Hex:
00 00 00 00 00 00 00 00 07 07 00 00 00 00 00 00
d0 07 08 00 00 07 07 07 07 00 00 00 07 07 07 07
00 00 07 07 07 07 00 00 00 00 07 07 00 00 24 07
07 00 00 00 07 00 00 07 00 00 00 00 00 00 00 00
00 00 00 00 00 00 00 00 00 00 00 00 00 00 00 00
00 00 00 00 00 00 00 00 00 00 00 00 00 00 00 00
00 00 00 00 00 00 00 00 00 00 00 00 00 00 00 00
00 00 00 00 00 00 00 00 00 00 00 00 00 00 00 00
AnimeMaker:
  07: ( 40..41, 27)
  D0: ( 48, 27)
  07: ( 49, 27)
  08: ( 50, 27)
  07: ( 53..56, 27)
  07: ( 60..63, 27)
  07: ( 66..69, 27)
  07: ( 74..75, 27)
  24: ( 78, 27)
  07: ( 79..80, 27)
  07: ( 84, 27)
  07: ( 87, 27)
Visual:
y\x| 40 41                   48 49 50       53 54 55 56          60 61 62 63       66 67 68 69             74 75       78 79 80          84       87
---+------------------------------------------------------------------------------------------------------------------------------------------------
 27| 07 07                   D0 07 08       07 07 07 07          07 07 07 07       07 07 07 07             07 07       24 07 07          07       07
----
Count:
  24
Block of 07 Count:
   9
Hex:
00 00 00 00 00 00 00 00 07 07 00 00 00 07 00 07
d0 07 08 00 00 07 07 07 00 00 00 07 07 00 00 00
00 00 00 00 00 00 00 07 07 07 00 07 00 00 24 07
07 07 07 07 07 07 00 00 00 00 00 00 00 00 00 00
00 00 00 00 00 00 00 00 00 00 00 00 00 00 00 00
00 00 00 00 00 00 00 00 00 00 00 00 00 00 00 00
00 00 00 00 00 00 00 00 00 00 00 00 00 00 00 00
00 00 00 00 00 00 00 00 00 00 00 00 00 00 00 00
AnimeMaker:
  07: ( 40..41, 27)
  07: ( 45, 27)
  07: ( 47, 27)
  D0: ( 48, 27)
  07: ( 49, 27)
  08: ( 50, 27)
  07: ( 53..55, 27)
  07: ( 59..60, 27)
  07: ( 71..73, 27)
  07: ( 75, 27)
  24: ( 78, 27)
  07: ( 79..85, 27)
Visual:
y\x| 40 41          45    47 48 49 50       53 54 55          59 60                               71 72 73    75       78 79 80 81 82 83 84 85
---+------------------------------------------------------------------------------------------------------------------------------------------
 27| 07 07          07    07 D0 07 08       07 07 07          07 07                               07 07 07    07       24 07 07 07 07 07 07 07
----
Count:
  25
Block of 07 Count:
   9
Hex:
00 00 00 00 00 00 00 00 00 00 00 07 00 07 07 00
d0 07 08 00 07 00 00 07 07 00 00 00 00 07 00 07
07 07 07 07 07 07 07 07 00 00 00 00 00 00 24 07
07 07 07 00 00 00 07 00 00 00 00 00 00 00 00 00
00 00 00 00 00 00 00 00 00 00 00 00 00 00 00 00
00 00 00 00 00 00 00 00 00 00 00 00 00 00 00 00
00 00 00 00 00 00 00 00 00 00 00 00 00 00 00 00
00 00 00 00 00 00 00 00 00 00 00 00 00 00 00 00
AnimeMaker:
  07: ( 43, 27)
  07: ( 45..46, 27)
  D0: ( 48, 27)
  07: ( 49, 27)
  08: ( 50, 27)
  07: ( 52, 27)
  07: ( 55..56, 27)
  07: ( 61, 27)
  07: ( 63..71, 27)
  24: ( 78, 27)
  07: ( 79..82, 27)
  07: ( 86, 27)
Visual:
y\x| 43    45 46    48 49 50    52       55 56             61    63 64 65 66 67 68 69 70 71                   78 79 80 81 82          86
---+------------------------------------------------------------------------------------------------------------------------------------
 27| 07    07 07    D0 07 08    07       07 07             07    07 07 07 07 07 07 07 07 07                   24 07 07 07 07          07
----
Count:
  25
Block of 07 Count:
   9
Hex:
00 00 00 00 00 00 00 00 00 00 00 07 07 07 00 00
d0 07 08 00 07 07 00 00 00 00 07 07 07 00 07 00
07 07 07 00 00 00 00 00 00 00 07 07 07 00 24 07
00 00 00 00 07 07 07 07 07 00 00 00 00 00 00 00
00 00 00 00 00 00 00 00 00 00 00 00 00 00 00 00
00 00 00 00 00 00 00 00 00 00 00 00 00 00 00 00
00 00 00 00 00 00 00 00 00 00 00 00 00 00 00 00
00 00 00 00 00 00 00 00 00 00 00 00 00 00 00 00
AnimeMaker:
  07: ( 43..45, 27)
  D0: ( 48, 27)
  07: ( 49, 27)
  08: ( 50, 27)
  07: ( 52..53, 27)
  07: ( 58..60, 27)
  07: ( 62, 27)
  07: ( 64..66, 27)
  07: ( 74..76, 27)
  24: ( 78, 27)
  07: ( 79, 27)
  07: ( 84..88, 27)
Visual:
y\x| 43 44 45       48 49 50    52 53             58 59 60    62    64 65 66                      74 75 76    78 79             84 85 86 87 88
---+------------------------------------------------------------------------------------------------------------------------------------------
 27| 07 07 07       D0 07 08    07 07             07 07 07    07    07 07 07                      07 07 07    24 07             07 07 07 07 07
----
Count:
  25
Block of 07 Count:
   9
Hex:
00 00 00 00 00 00 00 00 00 00 07 07 07 00 00 07
d0 07 08 00 07 07 00 00 00 00 00 00 07 07 07 07
00 00 00 07 07 07 07 00 00 07 07 00 00 00 24 07
07 00 00 00 00 07 07 07 00 00 00 00 00 00 00 00
00 00 00 00 00 00 00 00 00 00 00 00 00 00 00 00
00 00 00 00 00 00 00 00 00 00 00 00 00 00 00 00
00 00 00 00 00 00 00 00 00 00 00 00 00 00 00 00
00 00 00 00 00 00 00 00 00 00 00 00 00 00 00 00
AnimeMaker:
  07: ( 42..44, 27)
  07: ( 47, 27)
  D0: ( 48, 27)
  07: ( 49, 27)
  08: ( 50, 27)
  07: ( 52..53, 27)
  07: ( 60..63, 27)
  07: ( 67..70, 27)
  07: ( 73..74, 27)
  24: ( 78, 27)
  07: ( 79..80, 27)
  07: ( 85..87, 27)
Visual:
y\x| 42 43 44       47 48 49 50    52 53                   60 61 62 63          67 68 69 70       73 74          78 79 80             85 86 87
---+------------------------------------------------------------------------------------------------------------------------------------------
 27| 07 07 07       07 D0 07 08    07 07                   07 07 07 07          07 07 07 07       07 07          24 07 07             07 07 07
----
Count:
  25
Block of 07 Count:
   9
Hex:
00 00 00 00 00 00 00 00 07 07 07 07 00 00 00 00
d0 07 08 00 07 07 07 07 07 00 00 07 07 00 00 07
07 07 00 00 00 07 07 00 00 07 07 07 00 00 24 07
00 00 00 00 00 07 00 00 00 00 00 00 00 00 00 00
00 00 00 00 00 00 00 00 00 00 00 00 00 00 00 00
00 00 00 00 00 00 00 00 00 00 00 00 00 00 00 00
00 00 00 00 00 00 00 00 00 00 00 00 00 00 00 00
00 00 00 00 00 00 00 00 00 00 00 00 00 00 00 00
AnimeMaker:
  07: ( 40..43, 27)
  D0: ( 48, 27)
  07: ( 49, 27)
  08: ( 50, 27)
  07: ( 52..56, 27)
  07: ( 59..60, 27)
  07: ( 63..65, 27)
  07: ( 69..70, 27)
  07: ( 73..75, 27)
  24: ( 78, 27)
  07: ( 79, 27)
  07: ( 85, 27)
Visual:
y\x| 40 41 42 43             48 49 50    52 53 54 55 56       59 60       63 64 65          69 70       73 74 75       78 79                85
---+------------------------------------------------------------------------------------------------------------------------------------------
 27| 07 07 07 07             D0 07 08    07 07 07 07 07       07 07       07 07 07          07 07       07 07 07       24 07                07
----
Count:
  25
Block of 07 Count:
   9
Hex:
00 00 00 00 00 00 00 07 07 00 00 07 07 00 00 00
d0 07 08 00 00 00 00 00 00 07 00 00 07 00 07 07
07 07 07 07 07 07 00 00 00 07 07 07 07 00 24 07
00 00 00 00 00 07 07 00 00 00 00 00 00 00 00 00
00 00 00 00 00 00 00 00 00 00 00 00 00 00 00 00
00 00 00 00 00 00 00 00 00 00 00 00 00 00 00 00
00 00 00 00 00 00 00 00 00 00 00 00 00 00 00 00
00 00 00 00 00 00 00 00 00 00 00 00 00 00 00 00
AnimeMaker:
  07: ( 39..40, 27)
  07: ( 43..44, 27)
  D0: ( 48, 27)
  07: ( 49, 27)
  08: ( 50, 27)
  07: ( 57, 27)
  07: ( 60, 27)
  07: ( 62..69, 27)
  07: ( 73..76, 27)
  24: ( 78, 27)
  07: ( 79, 27)
  07: ( 85..86, 27)
Visual:
y\x| 39 40       43 44          48 49 50                   57       60    62 63 64 65 66 67 68 69          73 74 75 76    78 79                85 86
---+------------------------------------------------------------------------------------------------------------------------------------------------
 27| 07 07       07 07          D0 07 08                   07       07    07 07 07 07 07 07 07 07          07 07 07 07    24 07                07 07
----
Count:
  25
Block of 07 Count:
   9
Hex:
00 00 00 00 00 00 00 07 07 00 07 00 00 00 00 00
d0 07 08 00 00 00 07 07 07 07 07 07 07 07 00 00
00 00 00 00 00 07 00 07 07 00 07 07 00 00 24 07
07 00 07 07 07 00 00 00 00 00 00 00 00 00 00 00
00 00 00 00 00 00 00 00 00 00 00 00 00 00 00 00
00 00 00 00 00 00 00 00 00 00 00 00 00 00 00 00
00 00 00 00 00 00 00 00 00 00 00 00 00 00 00 00
00 00 00 00 00 00 00 00 00 00 00 00 00 00 00 00
AnimeMaker:
  07: ( 39..40, 27)
  07: ( 42, 27)
  D0: ( 48, 27)
  07: ( 49, 27)
  08: ( 50, 27)
  07: ( 54..61, 27)
  07: ( 69, 27)
  07: ( 71..72, 27)
  07: ( 74..75, 27)
  24: ( 78, 27)
  07: ( 79..80, 27)
  07: ( 82..84, 27)
Visual:
y\x| 39 40    42                48 49 50          54 55 56 57 58 59 60 61                      69    71 72    74 75       78 79 80    82 83 84
---+------------------------------------------------------------------------------------------------------------------------------------------
 27| 07 07    07                D0 07 08          07 07 07 07 07 07 07 07                      07    07 07    07 07       24 07 07    07 07 07
----
Count:
  26
Block of 07 Count:
   8
Hex:
00 00 00 00 00 00 00 00 00 00 00 00 00 00 07 07
d0 07 08 00 00 07 00 07 00 00 07 07 00 07 07 07
07 00 00 07 07 07 07 07 07 07 07 00 00 00 24 07
07 07 07 00 00 00 00 00 00 00 00 00 00 00 00 00
00 00 00 00 00 00 00 00 00 00 00 00 00 00 00 00
00 00 00 00 00 00 00 00 00 00 00 00 00 00 00 00
00 00 00 00 00 00 00 00 00 00 00 00 00 00 00 00
00 00 00 00 00 00 00 00 00 00 00 00 00 00 00 00
AnimeMaker:
  07: ( 46..47, 27)
  D0: ( 48, 27)
  07: ( 49, 27)
  08: ( 50, 27)
  07: ( 53, 27)
  07: ( 55, 27)
  07: ( 58..59, 27)
  07: ( 61..64, 27)
  07: ( 67..74, 27)
  24: ( 78, 27)
  07: ( 79..82, 27)
Visual:
y\x| 46 47 48 49 50       53    55       58 59    61 62 63 64       67 68 69 70 71 72 73 74          78 79 80 81 82
---+---------------------------------------------------------------------------------------------------------------
 27| 07 07 D0 07 08       07    07       07 07    07 07 07 07       07 07 07 07 07 07 07 07          24 07 07 07 07
----
Count:
  26
Block of 07 Count:
   8
Hex:
00 00 00 00 00 00 00 00 07 07 07 07 07 07 07 07
d0 07 08 00 00 00 00 00 00 00 00 07 07 07 00 00
00 00 00 00 07 07 07 00 07 07 07 07 00 00 24 07
07 00 00 07 00 00 00 07 00 00 00 00 00 00 00 00
00 00 00 00 00 00 00 00 00 00 00 00 00 00 00 00
00 00 00 00 00 00 00 00 00 00 00 00 00 00 00 00
00 00 00 00 00 00 00 00 00 00 00 00 00 00 00 00
00 00 00 00 00 00 00 00 00 00 00 00 00 00 00 00
AnimeMaker:
  07: ( 40..47, 27)
  D0: ( 48, 27)
  07: ( 49, 27)
  08: ( 50, 27)
  07: ( 59..61, 27)
  07: ( 68..70, 27)
  07: ( 72..75, 27)
  24: ( 78, 27)
  07: ( 79..80, 27)
  07: ( 83, 27)
  07: ( 87, 27)
Visual:
y\x| 40 41 42 43 44 45 46 47 48 49 50                         59 60 61                   68 69 70    72 73 74 75       78 79 80       83          87
---+------------------------------------------------------------------------------------------------------------------------------------------------
 27| 07 07 07 07 07 07 07 07 D0 07 08                         07 07 07                   07 07 07    07 07 07 07       24 07 07       07          07
----
Count:
  26
Block of 07 Count:
   9
Hex:
00 00 00 00 00 00 00 00 00 00 00 00 07 07 00 00
d0 07 08 00 00 00 00 00 00 00 00 07 07 07 07 07
07 00 07 07 07 07 00 07 00 00 07 07 07 00 24 07
00 07 07 07 07 00 00 00 07 00 00 00 00 00 00 00
00 00 00 00 00 00 00 00 00 00 00 00 00 00 00 00
00 00 00 00 00 00 00 00 00 00 00 00 00 00 00 00
00 00 00 00 00 00 00 00 00 00 00 00 00 00 00 00
00 00 00 00 00 00 00 00 00 00 00 00 00 00 00 00
AnimeMaker:
  07: ( 44..45, 27)
  D0: ( 48, 27)
  07: ( 49, 27)
  08: ( 50, 27)
  07: ( 59..64, 27)
  07: ( 66..69, 27)
  07: ( 71, 27)
  07: ( 74..76, 27)
  24: ( 78, 27)
  07: ( 79, 27)
  07: ( 81..84, 27)
  07: ( 88, 27)
Visual:
y\x| 44 45       48 49 50                         59 60 61 62 63 64    66 67 68 69    71       74 75 76    78 79    81 82 83 84          88
---+---------------------------------------------------------------------------------------------------------------------------------------
 27| 07 07       D0 07 08                         07 07 07 07 07 07    07 07 07 07    07       07 07 07    24 07    07 07 07 07          07
----
Count:
  26
Block of 07 Count:
   9
Hex:
00 00 00 00 00 00 00 00 00 07 07 07 07 07 07 07
d0 07 08 00 00 07 07 07 07 00 00 00 00 00 00 00
07 07 00 00 00 07 00 07 00 07 07 07 07 00 24 07
00 00 00 00 07 07 00 00 00 00 00 00 00 00 00 00
00 00 00 00 00 00 00 00 00 00 00 00 00 00 00 00
00 00 00 00 00 00 00 00 00 00 00 00 00 00 00 00
00 00 00 00 00 00 00 00 00 00 00 00 00 00 00 00
00 00 00 00 00 00 00 00 00 00 00 00 00 00 00 00
AnimeMaker:
  07: ( 41..47, 27)
  D0: ( 48, 27)
  07: ( 49, 27)
  08: ( 50, 27)
  07: ( 53..56, 27)
  07: ( 64..65, 27)
  07: ( 69, 27)
  07: ( 71, 27)
  07: ( 73..76, 27)
  24: ( 78, 27)
  07: ( 79, 27)
  07: ( 84..85, 27)
Visual:
y\x| 41 42 43 44 45 46 47 48 49 50       53 54 55 56                      64 65          69    71    73 74 75 76    78 79             84 85
---+---------------------------------------------------------------------------------------------------------------------------------------
 27| 07 07 07 07 07 07 07 D0 07 08       07 07 07 07                      07 07          07    07    07 07 07 07    24 07             07 07
----
Count:
  27
Block of 07 Count:
   9
Hex:
00 00 00 00 00 00 00 00 00 00 00 00 00 07 07 07
d0 07 08 00 00 00 00 00 07 07 07 00 00 07 07 07
00 00 00 07 07 07 07 00 00 00 07 00 00 07 24 07
07 07 07 07 07 00 00 07 07 00 00 00 00 00 00 00
00 00 00 00 00 00 00 00 00 00 00 00 00 00 00 00
00 00 00 00 00 00 00 00 00 00 00 00 00 00 00 00
00 00 00 00 00 00 00 00 00 00 00 00 00 00 00 00
00 00 00 00 00 00 00 00 00 00 00 00 00 00 00 00
AnimeMaker:
  07: ( 45..47, 27)
  D0: ( 48, 27)
  07: ( 49, 27)
  08: ( 50, 27)
  07: ( 56..58, 27)
  07: ( 61..63, 27)
  07: ( 67..70, 27)
  07: ( 74, 27)
  07: ( 77, 27)
  24: ( 78, 27)
  07: ( 79..84, 27)
  07: ( 87..88, 27)
Visual:
y\x| 45 46 47 48 49 50                56 57 58       61 62 63          67 68 69 70          74       77 78 79 80 81 82 83 84       87 88
---+------------------------------------------------------------------------------------------------------------------------------------
 27| 07 07 07 D0 07 08                07 07 07       07 07 07          07 07 07 07          07       07 24 07 07 07 07 07 07       07 07
----
Count:
  27
Block of 07 Count:
   9
Hex:
00 00 00 00 00 00 00 00 00 07 07 07 07 00 07 00
d0 07 08 00 00 00 00 00 00 00 00 00 07 00 00 07
07 00 07 07 07 07 07 07 07 07 00 00 07 00 24 07
00 07 07 07 07 07 00 00 00 00 00 00 00 00 00 00
00 00 00 00 00 00 00 00 00 00 00 00 00 00 00 00
00 00 00 00 00 00 00 00 00 00 00 00 00 00 00 00
00 00 00 00 00 00 00 00 00 00 00 00 00 00 00 00
00 00 00 00 00 00 00 00 00 00 00 00 00 00 00 00
AnimeMaker:
  07: ( 41..44, 27)
  07: ( 46, 27)
  D0: ( 48, 27)
  07: ( 49, 27)
  08: ( 50, 27)
  07: ( 60, 27)
  07: ( 63..64, 27)
  07: ( 66..73, 27)
  07: ( 76, 27)
  24: ( 78, 27)
  07: ( 79, 27)
  07: ( 81..85, 27)
Visual:
y\x| 41 42 43 44    46    48 49 50                            60       63 64    66 67 68 69 70 71 72 73       76    78 79    81 82 83 84 85
---+---------------------------------------------------------------------------------------------------------------------------------------
 27| 07 07 07 07    07    D0 07 08                            07       07 07    07 07 07 07 07 07 07 07       07    24 07    07 07 07 07 07
----
Count:
  27
Block of 07 Count:
   9
Hex:
00 00 00 00 00 00 00 00 07 07 00 00 00 07 00 00
d0 07 08 00 07 07 07 07 07 07 07 00 07 07 00 00
00 00 00 07 00 00 00 00 07 07 07 07 07 07 24 07
07 00 00 07 07 00 00 00 00 00 00 00 00 00 00 00
00 00 00 00 00 00 00 00 00 00 00 00 00 00 00 00
00 00 00 00 00 00 00 00 00 00 00 00 00 00 00 00
00 00 00 00 00 00 00 00 00 00 00 00 00 00 00 00
00 00 00 00 00 00 00 00 00 00 00 00 00 00 00 00
AnimeMaker:
  07: ( 40..41, 27)
  07: ( 45, 27)
  D0: ( 48, 27)
  07: ( 49, 27)
  08: ( 50, 27)
  07: ( 52..58, 27)
  07: ( 60..61, 27)
  07: ( 67, 27)
  07: ( 72..77, 27)
  24: ( 78, 27)
  07: ( 79..80, 27)
  07: ( 83..84, 27)
Visual:
y\x| 40 41          45       48 49 50    52 53 54 55 56 57 58    60 61                67             72 73 74 75 76 77 78 79 80       83 84
---+---------------------------------------------------------------------------------------------------------------------------------------
 27| 07 07          07       D0 07 08    07 07 07 07 07 07 07    07 07                07             07 07 07 07 07 07 24 07 07       07 07
----
Count:
  27
Block of 07 Count:
   9
Hex:
00 00 00 00 00 00 00 00 07 07 07 07 07 00 07 07
d0 07 08 00 07 00 00 00 00 07 07 07 07 07 07 07
00 00 07 00 00 00 07 00 00 00 07 07 07 07 24 07
07 00 00 00 00 00 00 00 00 00 00 00 00 00 00 00
00 00 00 00 00 00 00 00 00 00 00 00 00 00 00 00
00 00 00 00 00 00 00 00 00 00 00 00 00 00 00 00
00 00 00 00 00 00 00 00 00 00 00 00 00 00 00 00
00 00 00 00 00 00 00 00 00 00 00 00 00 00 00 00
AnimeMaker:
  07: ( 40..44, 27)
  07: ( 46..47, 27)
  D0: ( 48, 27)
  07: ( 49, 27)
  08: ( 50, 27)
  07: ( 52, 27)
  07: ( 57..63, 27)
  07: ( 66, 27)
  07: ( 70, 27)
  07: ( 74..77, 27)
  24: ( 78, 27)
  07: ( 79..80, 27)
Visual:
y\x| 40 41 42 43 44    46 47 48 49 50    52             57 58 59 60 61 62 63       66          70          74 75 76 77 78 79 80
---+---------------------------------------------------------------------------------------------------------------------------
 27| 07 07 07 07 07    07 07 D0 07 08    07             07 07 07 07 07 07 07       07          07          07 07 07 07 24 07 07
----
Count:
  29
Block of 07 Count:
   9
Hex:
00 00 00 00 00 00 00 00 00 00 07 00 00 00 07 07
d0 07 08 00 00 07 07 00 00 00 00 07 07 00 07 00
00 07 07 07 07 07 07 07 07 07 07 07 00 00 24 07
00 00 00 07 07 07 07 07 00 00 00 00 00 00 00 00
00 00 00 00 00 00 00 00 00 00 00 00 00 00 00 00
00 00 00 00 00 00 00 00 00 00 00 00 00 00 00 00
00 00 00 00 00 00 00 00 00 00 00 00 00 00 00 00
00 00 00 00 00 00 00 00 00 00 00 00 00 00 00 00
AnimeMaker:
  07: ( 42, 27)
  07: ( 46..47, 27)
  D0: ( 48, 27)
  07: ( 49, 27)
  08: ( 50, 27)
  07: ( 53..54, 27)
  07: ( 59..60, 27)
  07: ( 62, 27)
  07: ( 65..75, 27)
  24: ( 78, 27)
  07: ( 79, 27)
  07: ( 83..87, 27)
Visual:
y\x| 42          46 47 48 49 50       53 54             59 60    62       65 66 67 68 69 70 71 72 73 74 75       78 79          83 84 85 86 87
---+------------------------------------------------------------------------------------------------------------------------------------------
 27| 07          07 07 D0 07 08       07 07             07 07    07       07 07 07 07 07 07 07 07 07 07 07       24 07          07 07 07 07 07
----
Count:
  29
Block of 07 Count:
   9
Hex:
00 00 00 00 00 00 00 07 07 07 07 07 00 00 00 00
d0 07 08 00 07 07 07 07 07 00 00 07 07 00 00 00
00 00 00 07 07 07 07 00 07 07 00 07 07 07 24 07
07 00 00 00 00 00 07 07 00 00 00 00 00 00 00 00
00 00 00 00 00 00 00 00 00 00 00 00 00 00 00 00
00 00 00 00 00 00 00 00 00 00 00 00 00 00 00 00
00 00 00 00 00 00 00 00 00 00 00 00 00 00 00 00
00 00 00 00 00 00 00 00 00 00 00 00 00 00 00 00
AnimeMaker:
  07: ( 39..43, 27)
  D0: ( 48, 27)
  07: ( 49, 27)
  08: ( 50, 27)
  07: ( 52..56, 27)
  07: ( 59..60, 27)
  07: ( 67..70, 27)
  07: ( 72..73, 27)
  07: ( 75..77, 27)
  24: ( 78, 27)
  07: ( 79..80, 27)
  07: ( 86..87, 27)
Visual:
y\x| 39 40 41 42 43             48 49 50    52 53 54 55 56       59 60                   67 68 69 70    72 73    75 76 77 78 79 80                86 87
---+---------------------------------------------------------------------------------------------------------------------------------------------------
 27| 07 07 07 07 07             D0 07 08    07 07 07 07 07       07 07                   07 07 07 07    07 07    07 07 07 24 07 07                07 07
----
Count:
  29
Block of 07 Count:
   9
Hex:
00 00 00 00 00 00 00 07 07 07 07 07 07 07 00 07
d0 07 08 00 00 00 07 07 07 00 07 07 00 00 00 00
00 07 07 00 00 07 07 07 07 07 07 00 00 07 24 07
07 07 00 00 00 00 00 00 00 00 00 00 00 00 00 00
00 00 00 00 00 00 00 00 00 00 00 00 00 00 00 00
00 00 00 00 00 00 00 00 00 00 00 00 00 00 00 00
00 00 00 00 00 00 00 00 00 00 00 00 00 00 00 00
00 00 00 00 00 00 00 00 00 00 00 00 00 00 00 00
AnimeMaker:
  07: ( 39..45, 27)
  07: ( 47, 27)
  D0: ( 48, 27)
  07: ( 49, 27)
  08: ( 50, 27)
  07: ( 54..56, 27)
  07: ( 58..59, 27)
  07: ( 65..66, 27)
  07: ( 69..74, 27)
  07: ( 77, 27)
  24: ( 78, 27)
  07: ( 79..81, 27)
Visual:
y\x| 39 40 41 42 43 44 45    47 48 49 50          54 55 56    58 59                65 66       69 70 71 72 73 74       77 78 79 80 81
---+---------------------------------------------------------------------------------------------------------------------------------
 27| 07 07 07 07 07 07 07    07 D0 07 08          07 07 07    07 07                07 07       07 07 07 07 07 07       07 24 07 07 07
----
Count:
  30
Block of 07 Count:
   8
Hex:
00 00 00 00 00 00 00 00 00 00 00 07 07 07 07 07
d0 07 08 00 00 00 00 00 00 07 07 07 07 07 00 07
00 00 00 00 00 07 07 07 07 07 07 07 07 07 24 07
07 00 07 07 07 00 00 00 07 00 00 00 00 00 00 00
00 00 00 00 00 00 00 00 00 00 00 00 00 00 00 00
00 00 00 00 00 00 00 00 00 00 00 00 00 00 00 00
00 00 00 00 00 00 00 00 00 00 00 00 00 00 00 00
00 00 00 00 00 00 00 00 00 00 00 00 00 00 00 00
AnimeMaker:
  07: ( 43..47, 27)
  D0: ( 48, 27)
  07: ( 49, 27)
  08: ( 50, 27)
  07: ( 57..61, 27)
  07: ( 63, 27)
  07: ( 69..77, 27)
  24: ( 78, 27)
  07: ( 79..80, 27)
  07: ( 82..84, 27)
  07: ( 88, 27)
Visual:
y\x| 43 44 45 46 47 48 49 50                   57 58 59 60 61    63                69 70 71 72 73 74 75 76 77 78 79 80    82 83 84          88
---+------------------------------------------------------------------------------------------------------------------------------------------
 27| 07 07 07 07 07 D0 07 08                   07 07 07 07 07    07                07 07 07 07 07 07 07 07 07 24 07 07    07 07 07          07
----
Count:
  30
Block of 07 Count:
   9
Hex:
00 00 00 00 00 00 00 00 00 07 00 07 07 07 07 07
d0 07 08 00 07 07 07 00 00 00 00 00 00 00 00 00
07 07 00 00 07 07 07 07 00 00 07 07 00 00 24 07
07 07 07 07 07 07 07 00 07 00 00 00 00 00 00 00
00 00 00 00 00 00 00 00 00 00 00 00 00 00 00 00
00 00 00 00 00 00 00 00 00 00 00 00 00 00 00 00
00 00 00 00 00 00 00 00 00 00 00 00 00 00 00 00
00 00 00 00 00 00 00 00 00 00 00 00 00 00 00 00
AnimeMaker:
  07: ( 41, 27)
  07: ( 43..47, 27)
  D0: ( 48, 27)
  07: ( 49, 27)
  08: ( 50, 27)
  07: ( 52..54, 27)
  07: ( 64..65, 27)
  07: ( 68..71, 27)
  07: ( 74..75, 27)
  24: ( 78, 27)
  07: ( 79..86, 27)
  07: ( 88, 27)
Visual:
y\x| 41    43 44 45 46 47 48 49 50    52 53 54                            64 65       68 69 70 71       74 75       78 79 80 81 82 83 84 85 86    88
---+------------------------------------------------------------------------------------------------------------------------------------------------
 27| 07    07 07 07 07 07 D0 07 08    07 07 07                            07 07       07 07 07 07       07 07       24 07 07 07 07 07 07 07 07    07
----
Count:
  30
Block of 07 Count:
   9
Hex:
00 00 00 00 00 00 00 00 07 07 07 07 07 07 07 07
d0 07 08 00 07 00 00 07 00 00 07 07 07 07 07 00
07 07 00 00 00 07 07 07 00 00 00 00 00 00 24 07
07 00 00 07 07 07 07 00 00 00 00 00 00 00 00 00
00 00 00 00 00 00 00 00 00 00 00 00 00 00 00 00
00 00 00 00 00 00 00 00 00 00 00 00 00 00 00 00
00 00 00 00 00 00 00 00 00 00 00 00 00 00 00 00
00 00 00 00 00 00 00 00 00 00 00 00 00 00 00 00
AnimeMaker:
  07: ( 40..47, 27)
  D0: ( 48, 27)
  07: ( 49, 27)
  08: ( 50, 27)
  07: ( 52, 27)
  07: ( 55, 27)
  07: ( 58..62, 27)
  07: ( 64..65, 27)
  07: ( 69..71, 27)
  24: ( 78, 27)
  07: ( 79..80, 27)
  07: ( 83..86, 27)
Visual:
y\x| 40 41 42 43 44 45 46 47 48 49 50    52       55       58 59 60 61 62    64 65          69 70 71                   78 79 80       83 84 85 86
---+---------------------------------------------------------------------------------------------------------------------------------------------
 27| 07 07 07 07 07 07 07 07 D0 07 08    07       07       07 07 07 07 07    07 07          07 07 07                   24 07 07       07 07 07 07
----
Count:
  31
Block of 07 Count:
   9
Hex:
00 00 00 00 00 00 00 00 07 07 07 07 00 07 07 00
d0 07 08 00 00 00 00 00 07 07 00 00 00 07 07 00
00 00 07 07 07 07 07 07 07 07 07 07 07 07 24 07
07 07 00 00 00 07 00 00 07 00 00 00 00 00 00 00
00 00 00 00 00 00 00 00 00 00 00 00 00 00 00 00
00 00 00 00 00 00 00 00 00 00 00 00 00 00 00 00
00 00 00 00 00 00 00 00 00 00 00 00 00 00 00 00
00 00 00 00 00 00 00 00 00 00 00 00 00 00 00 00
AnimeMaker:
  07: ( 40..43, 27)
  07: ( 45..46, 27)
  D0: ( 48, 27)
  07: ( 49, 27)
  08: ( 50, 27)
  07: ( 56..57, 27)
  07: ( 61..62, 27)
  07: ( 66..77, 27)
  24: ( 78, 27)
  07: ( 79..81, 27)
  07: ( 85, 27)
  07: ( 88, 27)
Visual:
y\x| 40 41 42 43    45 46    48 49 50                56 57          61 62          66 67 68 69 70 71 72 73 74 75 76 77 78 79 80 81          85       88
---+---------------------------------------------------------------------------------------------------------------------------------------------------
 27| 07 07 07 07    07 07    D0 07 08                07 07          07 07          07 07 07 07 07 07 07 07 07 07 07 07 24 07 07 07          07       07
----
Count:
  32
Block of 07 Count:
   8
Hex:
00 00 00 00 00 00 00 07 07 07 07 07 07 07 07 00
d0 07 08 00 07 07 07 07 07 07 07 07 00 07 07 07
07 00 00 00 00 00 00 00 00 00 07 00 00 00 24 07
00 07 07 07 00 07 07 07 00 00 00 00 00 00 00 00
00 00 00 00 00 00 00 00 00 00 00 00 00 00 00 00
00 00 00 00 00 00 00 00 00 00 00 00 00 00 00 00
00 00 00 00 00 00 00 00 00 00 00 00 00 00 00 00
00 00 00 00 00 00 00 00 00 00 00 00 00 00 00 00
AnimeMaker:
  07: ( 39..46, 27)
  D0: ( 48, 27)
  07: ( 49, 27)
  08: ( 50, 27)
  07: ( 52..59, 27)
  07: ( 61..64, 27)
  07: ( 74, 27)
  24: ( 78, 27)
  07: ( 79, 27)
  07: ( 81..83, 27)
  07: ( 85..87, 27)
Visual:
y\x| 39 40 41 42 43 44 45 46    48 49 50    52 53 54 55 56 57 58 59    61 62 63 64                            74          78 79    81 82 83    85 86 87
---+---------------------------------------------------------------------------------------------------------------------------------------------------
 27| 07 07 07 07 07 07 07 07    D0 07 08    07 07 07 07 07 07 07 07    07 07 07 07                            07          24 07    07 07 07    07 07 07
----
Count:
  32
Block of 07 Count:
   9
Hex:
00 00 00 00 00 00 00 00 00 07 07 00 07 07 00 00
d0 07 08 00 00 07 07 07 07 07 07 00 00 00 07 00
00 07 07 07 07 07 07 07 07 00 07 07 07 07 24 07
07 07 00 00 07 07 00 00 00 00 00 00 00 00 00 00
00 00 00 00 00 00 00 00 00 00 00 00 00 00 00 00
00 00 00 00 00 00 00 00 00 00 00 00 00 00 00 00
00 00 00 00 00 00 00 00 00 00 00 00 00 00 00 00
00 00 00 00 00 00 00 00 00 00 00 00 00 00 00 00
AnimeMaker:
  07: ( 41..42, 27)
  07: ( 44..45, 27)
  D0: ( 48, 27)
  07: ( 49, 27)
  08: ( 50, 27)
  07: ( 53..58, 27)
  07: ( 62, 27)
  07: ( 65..72, 27)
  07: ( 74..77, 27)
  24: ( 78, 27)
  07: ( 79..81, 27)
  07: ( 84..85, 27)
Visual:
y\x| 41 42    44 45       48 49 50       53 54 55 56 57 58          62       65 66 67 68 69 70 71 72    74 75 76 77 78 79 80 81       84 85
---+---------------------------------------------------------------------------------------------------------------------------------------
 27| 07 07    07 07       D0 07 08       07 07 07 07 07 07          07       07 07 07 07 07 07 07 07    07 07 07 07 24 07 07 07       07 07
----
