読み込めないデータになるバイナリもあるはず
----
Hex:
7f 27 1f a1 00 00 00 00 00 00 00 00 00 00 00 00
d0 07 08 00 00 00 00 00 00 00 00 00 00 00 00 00
00 00 00 00 00 00 00 00 00 00 00 00 00 00 24 07
00 00 00 00 00 00 00 00 00 00 00 00 00 00 00 00
00 00 00 00 00 00 00 00 00 00 00 00 00 00 00 00
00 00 00 00 00 00 00 00 00 00 00 00 00 00 00 00
00 00 00 00 00 00 00 00 00 00 00 00 00 00 00 00
00 00 00 00 00 00 00 00 00 00 00 00 00 00 00 00
Checksum:
  4180..41ff: 00 00 00 00
AnimeMaker:
  7F: ( 32, 27)
  27: ( 33, 27)
  1F: ( 34, 27)
  A1: ( 35, 27)
  D0: ( 48, 27)
  07: ( 49, 27)
  08: ( 50, 27)
  24: ( 78, 27)
  07: ( 79, 27)
----
Hex:
00 ff e4 01 5a 00 00 00 00 00 00 00 00 00 00 00
d0 07 08 00 00 00 00 00 00 00 00 00 00 00 00 00
00 00 00 00 00 00 00 00 00 00 00 00 00 00 24 07
00 00 00 00 00 00 00 00 00 00 00 00 00 00 00 00
00 00 00 00 00 00 00 00 00 00 00 00 00 00 00 00
00 00 00 00 00 00 00 00 00 00 00 00 00 00 00 00
00 00 00 00 00 00 00 00 00 00 00 00 00 00 00 00
00 00 00 00 00 00 00 00 00 00 00 00 00 00 00 00
Checksum:
  4180..41ff: 00 00 00 00
AnimeMaker:
  FF: ( 33, 27)
  E4: ( 34, 27)
  01: ( 35, 27)
  5A: ( 36, 27)
  D0: ( 48, 27)
  07: ( 49, 27)
  08: ( 50, 27)
  24: ( 78, 27)
  07: ( 79, 27)
----
Hex:
00 00 55 f6 1a b4 00 00 00 00 00 00 00 00 00 00
d0 07 08 00 00 00 00 00 00 00 00 00 00 00 00 00
00 00 00 00 00 00 00 00 00 00 00 00 00 00 24 07
00 00 00 00 00 00 00 00 00 00 00 00 00 00 00 00
00 00 00 00 00 00 00 00 00 00 00 00 00 00 00 00
00 00 00 00 00 00 00 00 00 00 00 00 00 00 00 00
00 00 00 00 00 00 00 00 00 00 00 00 00 00 00 00
00 00 00 00 00 00 00 00 00 00 00 00 00 00 00 00
Checksum:
  4180..41ff: 00 00 00 00
AnimeMaker:
  55: ( 34, 27)
  F6: ( 35, 27)
  1A: ( 36, 27)
  B4: ( 37, 27)
  D0: ( 48, 27)
  07: ( 49, 27)
  08: ( 50, 27)
  24: ( 78, 27)
  07: ( 79, 27)
----
Hex:
00 00 00 99 48 74 6c 00 00 00 00 00 00 00 00 00
d0 07 08 00 00 00 00 00 00 00 00 00 00 00 00 00
00 00 00 00 00 00 00 00 00 00 00 00 00 00 24 07
00 00 00 00 00 00 00 00 00 00 00 00 00 00 00 00
00 00 00 00 00 00 00 00 00 00 00 00 00 00 00 00
00 00 00 00 00 00 00 00 00 00 00 00 00 00 00 00
00 00 00 00 00 00 00 00 00 00 00 00 00 00 00 00
00 00 00 00 00 00 00 00 00 00 00 00 00 00 00 00
Checksum:
  4180..41ff: 00 00 00 00
AnimeMaker:
  99: ( 35, 27)
  48: ( 36, 27)
  74: ( 37, 27)
  6C: ( 38, 27)
  D0: ( 48, 27)
  07: ( 49, 27)
  08: ( 50, 27)
  24: ( 78, 27)
  07: ( 79, 27)
----
Hex:
00 00 00 00 4f a0 a7 91 00 00 00 00 00 00 00 00
d0 07 08 00 00 00 00 00 00 00 00 00 00 00 00 00
00 00 00 00 00 00 00 00 00 00 00 00 00 00 24 07
00 00 00 00 00 00 00 00 00 00 00 00 00 00 00 00
00 00 00 00 00 00 00 00 00 00 00 00 00 00 00 00
00 00 00 00 00 00 00 00 00 00 00 00 00 00 00 00
00 00 00 00 00 00 00 00 00 00 00 00 00 00 00 00
00 00 00 00 00 00 00 00 00 00 00 00 00 00 00 00
Checksum:
  4180..41ff: 00 00 00 00
AnimeMaker:
  4F: ( 36, 27)
  A0: ( 37, 27)
  A7: ( 38, 27)
  91: ( 39, 27)
  D0: ( 48, 27)
  07: ( 49, 27)
  08: ( 50, 27)
  24: ( 78, 27)
  07: ( 79, 27)
----
Hex:
00 00 00 00 00 ac 6e 5c ca 00 00 00 00 00 00 00
d0 07 08 00 00 00 00 00 00 00 00 00 00 00 00 00
00 00 00 00 00 00 00 00 00 00 00 00 00 00 24 07
00 00 00 00 00 00 00 00 00 00 00 00 00 00 00 00
00 00 00 00 00 00 00 00 00 00 00 00 00 00 00 00
00 00 00 00 00 00 00 00 00 00 00 00 00 00 00 00
00 00 00 00 00 00 00 00 00 00 00 00 00 00 00 00
00 00 00 00 00 00 00 00 00 00 00 00 00 00 00 00
Checksum:
  4180..41ff: 00 00 00 00
AnimeMaker:
  AC: ( 37, 27)
  6E: ( 38, 27)
  5C: ( 39, 27)
  CA: ( 40, 27)
  D0: ( 48, 27)
  07: ( 49, 27)
  08: ( 50, 27)
  24: ( 78, 27)
  07: ( 79, 27)
----
Hex:
00 00 00 00 00 00 aa 7f 07 6a 00 00 00 00 00 00
d0 07 08 00 00 00 00 00 00 00 00 00 00 00 00 00
00 00 00 00 00 00 00 00 00 00 00 00 00 00 24 07
00 00 00 00 00 00 00 00 00 00 00 00 00 00 00 00
00 00 00 00 00 00 00 00 00 00 00 00 00 00 00 00
00 00 00 00 00 00 00 00 00 00 00 00 00 00 00 00
00 00 00 00 00 00 00 00 00 00 00 00 00 00 00 00
00 00 00 00 00 00 00 00 00 00 00 00 00 00 00 00
Checksum:
  4180..41ff: 00 00 00 00
AnimeMaker:
  AA: ( 38, 27)
  7F: ( 39, 27)
  07: ( 40, 27)
  6A: ( 41, 27)
  D0: ( 48, 27)
  07: ( 49, 27)
  08: ( 50, 27)
  24: ( 78, 27)
  07: ( 79, 27)
----
Hex:
00 00 00 00 00 00 00 a1 a2 ea d8 00 00 00 00 00
d0 07 08 00 00 00 00 00 00 00 00 00 00 00 00 00
00 00 00 00 00 00 00 00 00 00 00 00 00 00 24 07
00 00 00 00 00 00 00 00 00 00 00 00 00 00 00 00
00 00 00 00 00 00 00 00 00 00 00 00 00 00 00 00
00 00 00 00 00 00 00 00 00 00 00 00 00 00 00 00
00 00 00 00 00 00 00 00 00 00 00 00 00 00 00 00
00 00 00 00 00 00 00 00 00 00 00 00 00 00 00 00
Checksum:
  4180..41ff: 00 00 00 00
AnimeMaker:
  A1: ( 39, 27)
  A2: ( 40, 27)
  EA: ( 41, 27)
  D8: ( 42, 27)
  D0: ( 48, 27)
  07: ( 49, 27)
  08: ( 50, 27)
  24: ( 78, 27)
  07: ( 79, 27)
----
Hex:
00 00 00 00 00 00 00 00 57 04 93 b9 00 00 00 00
d0 07 08 00 00 00 00 00 00 00 00 00 00 00 00 00
00 00 00 00 00 00 00 00 00 00 00 00 00 00 24 07
00 00 00 00 00 00 00 00 00 00 00 00 00 00 00 00
00 00 00 00 00 00 00 00 00 00 00 00 00 00 00 00
00 00 00 00 00 00 00 00 00 00 00 00 00 00 00 00
00 00 00 00 00 00 00 00 00 00 00 00 00 00 00 00
00 00 00 00 00 00 00 00 00 00 00 00 00 00 00 00
Checksum:
  4180..41ff: 00 00 00 00
AnimeMaker:
  57: ( 40, 27)
  04: ( 41, 27)
  93: ( 42, 27)
  B9: ( 43, 27)
  D0: ( 48, 27)
  07: ( 49, 27)
  08: ( 50, 27)
  24: ( 78, 27)
  07: ( 79, 27)
----
Hex:
00 00 00 00 00 00 00 00 00 62 43 42 02 00 00 00
d0 07 08 00 00 00 00 00 00 00 00 00 00 00 00 00
00 00 00 00 00 00 00 00 00 00 00 00 00 00 24 07
00 00 00 00 00 00 00 00 00 00 00 00 00 00 00 00
00 00 00 00 00 00 00 00 00 00 00 00 00 00 00 00
00 00 00 00 00 00 00 00 00 00 00 00 00 00 00 00
00 00 00 00 00 00 00 00 00 00 00 00 00 00 00 00
00 00 00 00 00 00 00 00 00 00 00 00 00 00 00 00
Checksum:
  4180..41ff: 00 00 00 00
AnimeMaker:
  62: ( 41, 27)
  43: ( 42, 27)
  42: ( 43, 27)
  02: ( 44, 27)
  D0: ( 48, 27)
  07: ( 49, 27)
  08: ( 50, 27)
  24: ( 78, 27)
  07: ( 79, 27)
----
Hex:
00 00 00 00 00 00 00 00 00 00 e6 65 ff f9 00 00
d0 07 08 00 00 00 00 00 00 00 00 00 00 00 00 00
00 00 00 00 00 00 00 00 00 00 00 00 00 00 24 07
00 00 00 00 00 00 00 00 00 00 00 00 00 00 00 00
00 00 00 00 00 00 00 00 00 00 00 00 00 00 00 00
00 00 00 00 00 00 00 00 00 00 00 00 00 00 00 00
00 00 00 00 00 00 00 00 00 00 00 00 00 00 00 00
00 00 00 00 00 00 00 00 00 00 00 00 00 00 00 00
Checksum:
  4180..41ff: 00 00 00 00
AnimeMaker:
  E6: ( 42, 27)
  65: ( 43, 27)
  FF: ( 44, 27)
  F9: ( 45, 27)
  D0: ( 48, 27)
  07: ( 49, 27)
  08: ( 50, 27)
  24: ( 78, 27)
  07: ( 79, 27)
----
Hex:
00 00 00 00 00 00 00 00 00 00 00 ba d0 92 cb 00
d0 07 08 00 00 00 00 00 00 00 00 00 00 00 00 00
00 00 00 00 00 00 00 00 00 00 00 00 00 00 24 07
00 00 00 00 00 00 00 00 00 00 00 00 00 00 00 00
00 00 00 00 00 00 00 00 00 00 00 00 00 00 00 00
00 00 00 00 00 00 00 00 00 00 00 00 00 00 00 00
00 00 00 00 00 00 00 00 00 00 00 00 00 00 00 00
00 00 00 00 00 00 00 00 00 00 00 00 00 00 00 00
Checksum:
  4180..41ff: 00 00 00 00
AnimeMaker:
  BA: ( 43, 27)
  D0: ( 44, 27)
  92: ( 45, 27)
  CB: ( 46, 27)
  D0: ( 48, 27)
  07: ( 49, 27)
  08: ( 50, 27)
  24: ( 78, 27)
  07: ( 79, 27)
----
Hex:
00 00 00 00 00 00 00 00 00 00 00 00 42 26 90 a8
d0 07 08 00 00 00 00 00 00 00 00 00 00 00 00 00
00 00 00 00 00 00 00 00 00 00 00 00 00 00 24 07
00 00 00 00 00 00 00 00 00 00 00 00 00 00 00 00
00 00 00 00 00 00 00 00 00 00 00 00 00 00 00 00
00 00 00 00 00 00 00 00 00 00 00 00 00 00 00 00
00 00 00 00 00 00 00 00 00 00 00 00 00 00 00 00
00 00 00 00 00 00 00 00 00 00 00 00 00 00 00 00
Checksum:
  4180..41ff: 00 00 00 00
AnimeMaker:
  42: ( 44, 27)
  26: ( 45, 27)
  90: ( 46, 27)
  A8: ( 47, 27)
  D0: ( 48, 27)
  07: ( 49, 27)
  08: ( 50, 27)
  24: ( 78, 27)
  07: ( 79, 27)
----
Hex:
00 00 00 00 00 00 00 00 00 00 00 00 00 00 00 00
d0 07 08 00 3a 27 72 d9 00 00 00 00 00 00 00 00
00 00 00 00 00 00 00 00 00 00 00 00 00 00 24 07
00 00 00 00 00 00 00 00 00 00 00 00 00 00 00 00
00 00 00 00 00 00 00 00 00 00 00 00 00 00 00 00
00 00 00 00 00 00 00 00 00 00 00 00 00 00 00 00
00 00 00 00 00 00 00 00 00 00 00 00 00 00 00 00
00 00 00 00 00 00 00 00 00 00 00 00 00 00 00 00
Checksum:
  4180..41ff: 00 00 00 00
AnimeMaker:
  D0: ( 48, 27)
  07: ( 49, 27)
  08: ( 50, 27)
  3A: ( 52, 27)
  27: ( 53, 27)
  72: ( 54, 27)
  D9: ( 55, 27)
  24: ( 78, 27)
  07: ( 79, 27)
----
Hex:
00 00 00 00 00 00 00 00 00 00 00 00 00 00 00 00
d0 07 08 00 00 dc ca 62 46 00 00 00 00 00 00 00
00 00 00 00 00 00 00 00 00 00 00 00 00 00 24 07
00 00 00 00 00 00 00 00 00 00 00 00 00 00 00 00
00 00 00 00 00 00 00 00 00 00 00 00 00 00 00 00
00 00 00 00 00 00 00 00 00 00 00 00 00 00 00 00
00 00 00 00 00 00 00 00 00 00 00 00 00 00 00 00
00 00 00 00 00 00 00 00 00 00 00 00 00 00 00 00
Checksum:
  4180..41ff: 00 00 00 00
AnimeMaker:
  D0: ( 48, 27)
  07: ( 49, 27)
  08: ( 50, 27)
  DC: ( 53, 27)
  CA: ( 54, 27)
  62: ( 55, 27)
  46: ( 56, 27)
  24: ( 78, 27)
  07: ( 79, 27)
----
Hex:
00 00 00 00 00 00 00 00 00 00 00 00 00 00 00 00
d0 07 08 00 00 00 ee f5 96 8d 00 00 00 00 00 00
00 00 00 00 00 00 00 00 00 00 00 00 00 00 24 07
00 00 00 00 00 00 00 00 00 00 00 00 00 00 00 00
00 00 00 00 00 00 00 00 00 00 00 00 00 00 00 00
00 00 00 00 00 00 00 00 00 00 00 00 00 00 00 00
00 00 00 00 00 00 00 00 00 00 00 00 00 00 00 00
00 00 00 00 00 00 00 00 00 00 00 00 00 00 00 00
Checksum:
  4180..41ff: 00 00 00 00
AnimeMaker:
  D0: ( 48, 27)
  07: ( 49, 27)
  08: ( 50, 27)
  EE: ( 54, 27)
  F5: ( 55, 27)
  96: ( 56, 27)
  8D: ( 57, 27)
  24: ( 78, 27)
  07: ( 79, 27)
----
Hex:
00 00 00 00 00 00 00 00 00 00 00 00 00 00 00 00
d0 07 08 00 00 00 00 0c b1 0b 73 00 00 00 00 00
00 00 00 00 00 00 00 00 00 00 00 00 00 00 24 07
00 00 00 00 00 00 00 00 00 00 00 00 00 00 00 00
00 00 00 00 00 00 00 00 00 00 00 00 00 00 00 00
00 00 00 00 00 00 00 00 00 00 00 00 00 00 00 00
00 00 00 00 00 00 00 00 00 00 00 00 00 00 00 00
00 00 00 00 00 00 00 00 00 00 00 00 00 00 00 00
Checksum:
  4180..41ff: 00 00 00 00
AnimeMaker:
  D0: ( 48, 27)
  07: ( 49, 27)
  08: ( 50, 27)
  0C: ( 55, 27)
  B1: ( 56, 27)
  0B: ( 57, 27)
  73: ( 58, 27)
  24: ( 78, 27)
  07: ( 79, 27)
----
Hex:
00 00 00 00 00 00 00 00 00 00 00 00 00 00 00 00
d0 07 08 00 00 00 00 00 84 07 e8 64 00 00 00 00
00 00 00 00 00 00 00 00 00 00 00 00 00 00 24 07
00 00 00 00 00 00 00 00 00 00 00 00 00 00 00 00
00 00 00 00 00 00 00 00 00 00 00 00 00 00 00 00
00 00 00 00 00 00 00 00 00 00 00 00 00 00 00 00
00 00 00 00 00 00 00 00 00 00 00 00 00 00 00 00
00 00 00 00 00 00 00 00 00 00 00 00 00 00 00 00
Checksum:
  4180..41ff: 00 00 00 00
AnimeMaker:
  D0: ( 48, 27)
  07: ( 49, 27)
  08: ( 50, 27)
  84: ( 56, 27)
  07: ( 57, 27)
  E8: ( 58, 27)
  64: ( 59, 27)
  24: ( 78, 27)
  07: ( 79, 27)
----
Hex:
00 00 00 00 00 00 00 00 00 00 00 00 00 00 00 00
d0 07 08 00 00 00 00 00 00 7d e0 f2 32 00 00 00
00 00 00 00 00 00 00 00 00 00 00 00 00 00 24 07
00 00 00 00 00 00 00 00 00 00 00 00 00 00 00 00
00 00 00 00 00 00 00 00 00 00 00 00 00 00 00 00
00 00 00 00 00 00 00 00 00 00 00 00 00 00 00 00
00 00 00 00 00 00 00 00 00 00 00 00 00 00 00 00
00 00 00 00 00 00 00 00 00 00 00 00 00 00 00 00
Checksum:
  4180..41ff: 00 00 00 00
AnimeMaker:
  D0: ( 48, 27)
  07: ( 49, 27)
  08: ( 50, 27)
  7D: ( 57, 27)
  E0: ( 58, 27)
  F2: ( 59, 27)
  32: ( 60, 27)
  24: ( 78, 27)
  07: ( 79, 27)
----
Hex:
00 00 00 00 00 00 00 00 00 00 00 00 00 00 00 00
d0 07 08 00 00 00 00 00 00 00 31 8b a9 34 00 00
00 00 00 00 00 00 00 00 00 00 00 00 00 00 24 07
00 00 00 00 00 00 00 00 00 00 00 00 00 00 00 00
00 00 00 00 00 00 00 00 00 00 00 00 00 00 00 00
00 00 00 00 00 00 00 00 00 00 00 00 00 00 00 00
00 00 00 00 00 00 00 00 00 00 00 00 00 00 00 00
00 00 00 00 00 00 00 00 00 00 00 00 00 00 00 00
Checksum:
  4180..41ff: 00 00 00 00
AnimeMaker:
  D0: ( 48, 27)
  07: ( 49, 27)
  08: ( 50, 27)
  31: ( 58, 27)
  8B: ( 59, 27)
  A9: ( 60, 27)
  34: ( 61, 27)
  24: ( 78, 27)
  07: ( 79, 27)
----
Hex:
00 00 00 00 00 00 00 00 00 00 00 00 00 00 00 00
d0 07 08 00 00 00 00 00 00 00 00 5b 5a 44 27 00
00 00 00 00 00 00 00 00 00 00 00 00 00 00 24 07
00 00 00 00 00 00 00 00 00 00 00 00 00 00 00 00
00 00 00 00 00 00 00 00 00 00 00 00 00 00 00 00
00 00 00 00 00 00 00 00 00 00 00 00 00 00 00 00
00 00 00 00 00 00 00 00 00 00 00 00 00 00 00 00
00 00 00 00 00 00 00 00 00 00 00 00 00 00 00 00
Checksum:
  4180..41ff: 00 00 00 00
AnimeMaker:
  D0: ( 48, 27)
  07: ( 49, 27)
  08: ( 50, 27)
  5B: ( 59, 27)
  5A: ( 60, 27)
  44: ( 61, 27)
  27: ( 62, 27)
  24: ( 78, 27)
  07: ( 79, 27)
----
Hex:
00 00 00 00 00 00 00 00 00 00 00 00 00 00 00 00
d0 07 08 00 00 00 00 00 00 00 00 00 09 98 47 66
00 00 00 00 00 00 00 00 00 00 00 00 00 00 24 07
00 00 00 00 00 00 00 00 00 00 00 00 00 00 00 00
00 00 00 00 00 00 00 00 00 00 00 00 00 00 00 00
00 00 00 00 00 00 00 00 00 00 00 00 00 00 00 00
00 00 00 00 00 00 00 00 00 00 00 00 00 00 00 00
00 00 00 00 00 00 00 00 00 00 00 00 00 00 00 00
Checksum:
  4180..41ff: 00 00 00 00
AnimeMaker:
  D0: ( 48, 27)
  07: ( 49, 27)
  08: ( 50, 27)
  09: ( 60, 27)
  98: ( 61, 27)
  47: ( 62, 27)
  66: ( 63, 27)
  24: ( 78, 27)
  07: ( 79, 27)
----
Hex:
00 00 00 00 00 00 00 00 00 00 00 00 00 00 00 00
d0 07 08 00 00 00 00 00 00 00 00 00 00 ba 8e 96
0f 00 00 00 00 00 00 00 00 00 00 00 00 00 24 07
00 00 00 00 00 00 00 00 00 00 00 00 00 00 00 00
00 00 00 00 00 00 00 00 00 00 00 00 00 00 00 00
00 00 00 00 00 00 00 00 00 00 00 00 00 00 00 00
00 00 00 00 00 00 00 00 00 00 00 00 00 00 00 00
00 00 00 00 00 00 00 00 00 00 00 00 00 00 00 00
Checksum:
  4180..41ff: 00 00 00 00
AnimeMaker:
  D0: ( 48, 27)
  07: ( 49, 27)
  08: ( 50, 27)
  BA: ( 61, 27)
  8E: ( 62, 27)
  96: ( 63, 27)
  0F: ( 64, 27)
  24: ( 78, 27)
  07: ( 79, 27)
----
Hex:
00 00 00 00 00 00 00 00 00 00 00 00 00 00 00 00
d0 07 08 00 00 00 00 00 00 00 00 00 00 00 1c 22
54 a8 00 00 00 00 00 00 00 00 00 00 00 00 24 07
00 00 00 00 00 00 00 00 00 00 00 00 00 00 00 00
00 00 00 00 00 00 00 00 00 00 00 00 00 00 00 00
00 00 00 00 00 00 00 00 00 00 00 00 00 00 00 00
00 00 00 00 00 00 00 00 00 00 00 00 00 00 00 00
00 00 00 00 00 00 00 00 00 00 00 00 00 00 00 00
Checksum:
  4180..41ff: 00 00 00 00
AnimeMaker:
  D0: ( 48, 27)
  07: ( 49, 27)
  08: ( 50, 27)
  1C: ( 62, 27)
  22: ( 63, 27)
  54: ( 64, 27)
  A8: ( 65, 27)
  24: ( 78, 27)
  07: ( 79, 27)
----
Hex:
00 00 00 00 00 00 00 00 00 00 00 00 00 00 00 00
d0 07 08 00 00 00 00 00 00 00 00 00 00 00 00 5b
49 e8 14 00 00 00 00 00 00 00 00 00 00 00 24 07
00 00 00 00 00 00 00 00 00 00 00 00 00 00 00 00
00 00 00 00 00 00 00 00 00 00 00 00 00 00 00 00
00 00 00 00 00 00 00 00 00 00 00 00 00 00 00 00
00 00 00 00 00 00 00 00 00 00 00 00 00 00 00 00
00 00 00 00 00 00 00 00 00 00 00 00 00 00 00 00
Checksum:
  4180..41ff: 00 00 00 00
AnimeMaker:
  D0: ( 48, 27)
  07: ( 49, 27)
  08: ( 50, 27)
  5B: ( 63, 27)
  49: ( 64, 27)
  E8: ( 65, 27)
  14: ( 66, 27)
  24: ( 78, 27)
  07: ( 79, 27)
----
Hex:
00 00 00 00 00 00 00 00 00 00 00 00 00 00 00 00
d0 07 08 00 00 00 00 00 00 00 00 00 00 00 00 00
1a 34 74 66 00 00 00 00 00 00 00 00 00 00 24 07
00 00 00 00 00 00 00 00 00 00 00 00 00 00 00 00
00 00 00 00 00 00 00 00 00 00 00 00 00 00 00 00
00 00 00 00 00 00 00 00 00 00 00 00 00 00 00 00
00 00 00 00 00 00 00 00 00 00 00 00 00 00 00 00
00 00 00 00 00 00 00 00 00 00 00 00 00 00 00 00
Checksum:
  4180..41ff: 00 00 00 00
AnimeMaker:
  D0: ( 48, 27)
  07: ( 49, 27)
  08: ( 50, 27)
  1A: ( 64, 27)
  34: ( 65, 27)
  74: ( 66, 27)
  66: ( 67, 27)
  24: ( 78, 27)
  07: ( 79, 27)
----
Hex:
00 00 00 00 00 00 00 00 00 00 00 00 00 00 00 00
d0 07 08 00 00 00 00 00 00 00 00 00 00 00 00 00
00 57 ef 6b a6 00 00 00 00 00 00 00 00 00 24 07
00 00 00 00 00 00 00 00 00 00 00 00 00 00 00 00
00 00 00 00 00 00 00 00 00 00 00 00 00 00 00 00
00 00 00 00 00 00 00 00 00 00 00 00 00 00 00 00
00 00 00 00 00 00 00 00 00 00 00 00 00 00 00 00
00 00 00 00 00 00 00 00 00 00 00 00 00 00 00 00
Checksum:
  4180..41ff: 00 00 00 00
AnimeMaker:
  D0: ( 48, 27)
  07: ( 49, 27)
  08: ( 50, 27)
  57: ( 65, 27)
  EF: ( 66, 27)
  6B: ( 67, 27)
  A6: ( 68, 27)
  24: ( 78, 27)
  07: ( 79, 27)
----
Hex:
00 00 00 00 00 00 00 00 00 00 00 00 00 00 00 00
d0 07 08 00 00 00 00 00 00 00 00 00 00 00 00 00
00 00 89 bb 5d 02 00 00 00 00 00 00 00 00 24 07
00 00 00 00 00 00 00 00 00 00 00 00 00 00 00 00
00 00 00 00 00 00 00 00 00 00 00 00 00 00 00 00
00 00 00 00 00 00 00 00 00 00 00 00 00 00 00 00
00 00 00 00 00 00 00 00 00 00 00 00 00 00 00 00
00 00 00 00 00 00 00 00 00 00 00 00 00 00 00 00
Checksum:
  4180..41ff: 00 00 00 00
AnimeMaker:
  D0: ( 48, 27)
  07: ( 49, 27)
  08: ( 50, 27)
  89: ( 66, 27)
  BB: ( 67, 27)
  5D: ( 68, 27)
  02: ( 69, 27)
  24: ( 78, 27)
  07: ( 79, 27)
----
Hex:
00 00 00 00 00 00 00 00 00 00 00 00 00 00 00 00
d0 07 08 00 00 00 00 00 00 00 00 00 00 00 00 00
00 00 00 f0 98 12 e1 00 00 00 00 00 00 00 24 07
00 00 00 00 00 00 00 00 00 00 00 00 00 00 00 00
00 00 00 00 00 00 00 00 00 00 00 00 00 00 00 00
00 00 00 00 00 00 00 00 00 00 00 00 00 00 00 00
00 00 00 00 00 00 00 00 00 00 00 00 00 00 00 00
00 00 00 00 00 00 00 00 00 00 00 00 00 00 00 00
Checksum:
  4180..41ff: 00 00 00 00
AnimeMaker:
  D0: ( 48, 27)
  07: ( 49, 27)
  08: ( 50, 27)
  F0: ( 67, 27)
  98: ( 68, 27)
  12: ( 69, 27)
  E1: ( 70, 27)
  24: ( 78, 27)
  07: ( 79, 27)
----
Hex:
00 00 00 00 00 00 00 00 00 00 00 00 00 00 00 00
d0 07 08 00 00 00 00 00 00 00 00 00 00 00 00 00
00 00 00 00 11 aa 1c 09 00 00 00 00 00 00 24 07
00 00 00 00 00 00 00 00 00 00 00 00 00 00 00 00
00 00 00 00 00 00 00 00 00 00 00 00 00 00 00 00
00 00 00 00 00 00 00 00 00 00 00 00 00 00 00 00
00 00 00 00 00 00 00 00 00 00 00 00 00 00 00 00
00 00 00 00 00 00 00 00 00 00 00 00 00 00 00 00
Checksum:
  4180..41ff: 00 00 00 00
AnimeMaker:
  D0: ( 48, 27)
  07: ( 49, 27)
  08: ( 50, 27)
  11: ( 68, 27)
  AA: ( 69, 27)
  1C: ( 70, 27)
  09: ( 71, 27)
  24: ( 78, 27)
  07: ( 79, 27)
----
Hex:
00 00 00 00 00 00 00 00 00 00 00 00 00 00 00 00
d0 07 08 00 00 00 00 00 00 00 00 00 00 00 00 00
00 00 00 00 00 e2 cc cf c7 00 00 00 00 00 24 07
00 00 00 00 00 00 00 00 00 00 00 00 00 00 00 00
00 00 00 00 00 00 00 00 00 00 00 00 00 00 00 00
00 00 00 00 00 00 00 00 00 00 00 00 00 00 00 00
00 00 00 00 00 00 00 00 00 00 00 00 00 00 00 00
00 00 00 00 00 00 00 00 00 00 00 00 00 00 00 00
Checksum:
  4180..41ff: 00 00 00 00
AnimeMaker:
  D0: ( 48, 27)
  07: ( 49, 27)
  08: ( 50, 27)
  E2: ( 69, 27)
  CC: ( 70, 27)
  CF: ( 71, 27)
  C7: ( 72, 27)
  24: ( 78, 27)
  07: ( 79, 27)
----
Hex:
00 00 00 00 00 00 00 00 00 00 00 00 00 00 00 00
d0 07 08 00 00 00 00 00 00 00 00 00 00 00 00 00
00 00 00 00 00 00 00 e4 da 17 00 00 00 00 24 07
00 00 00 00 00 00 00 00 00 00 00 00 00 00 00 00
00 00 00 00 00 00 00 00 00 00 00 00 00 00 00 00
00 00 00 00 00 00 00 00 00 00 00 00 00 00 00 00
00 00 00 00 00 00 00 00 00 00 00 00 00 00 00 00
00 00 00 00 00 00 00 00 00 00 00 00 00 00 00 00
Checksum:
  4180..41ff: 00 00 00 00
AnimeMaker:
  D0: ( 48, 27)
  07: ( 49, 27)
  08: ( 50, 27)
  E4: ( 71, 27)
  DA: ( 72, 27)
  17: ( 73, 27)
  24: ( 78, 27)
  07: ( 79, 27)
----
Hex:
00 00 00 00 00 00 00 00 00 00 00 00 00 00 00 00
d0 07 08 00 00 00 00 00 00 00 00 00 00 00 00 00
00 00 00 00 00 00 00 e4 da 17 00 00 00 00 24 07
00 00 00 00 00 00 00 00 00 00 00 00 00 00 00 00
00 00 00 00 00 00 00 00 00 00 00 00 00 00 00 00
00 00 00 00 00 00 00 00 00 00 00 00 00 00 00 00
00 00 00 00 00 00 00 00 00 00 00 00 00 00 00 00
00 00 00 00 00 00 00 00 00 00 00 00 00 00 00 00
Checksum:
  4180..41ff: 00 00 00 00
AnimeMaker:
  D0: ( 48, 27)
  07: ( 49, 27)
  08: ( 50, 27)
  E4: ( 71, 27)
  DA: ( 72, 27)
  17: ( 73, 27)
  24: ( 78, 27)
  07: ( 79, 27)
----
Hex:
00 00 00 00 00 00 00 00 00 00 00 00 00 00 00 00
d0 07 08 00 00 00 00 00 00 00 00 00 00 00 00 00
00 00 00 00 00 00 00 00 0c ba 50 a5 00 00 24 07
00 00 00 00 00 00 00 00 00 00 00 00 00 00 00 00
00 00 00 00 00 00 00 00 00 00 00 00 00 00 00 00
00 00 00 00 00 00 00 00 00 00 00 00 00 00 00 00
00 00 00 00 00 00 00 00 00 00 00 00 00 00 00 00
00 00 00 00 00 00 00 00 00 00 00 00 00 00 00 00
Checksum:
  4180..41ff: 00 00 00 00
AnimeMaker:
  D0: ( 48, 27)
  07: ( 49, 27)
  08: ( 50, 27)
  0C: ( 72, 27)
  BA: ( 73, 27)
  50: ( 74, 27)
  A5: ( 75, 27)
  24: ( 78, 27)
  07: ( 79, 27)
----
Hex:
00 00 00 00 00 00 00 00 00 00 00 00 00 00 00 00
d0 07 08 00 00 00 00 00 00 00 00 00 00 00 00 00
00 00 00 00 00 00 00 00 00 8f 5c 3e 64 00 24 07
00 00 00 00 00 00 00 00 00 00 00 00 00 00 00 00
00 00 00 00 00 00 00 00 00 00 00 00 00 00 00 00
00 00 00 00 00 00 00 00 00 00 00 00 00 00 00 00
00 00 00 00 00 00 00 00 00 00 00 00 00 00 00 00
00 00 00 00 00 00 00 00 00 00 00 00 00 00 00 00
Checksum:
  4180..41ff: 00 00 00 00
AnimeMaker:
  D0: ( 48, 27)
  07: ( 49, 27)
  08: ( 50, 27)
  8F: ( 73, 27)
  5C: ( 74, 27)
  3E: ( 75, 27)
  64: ( 76, 27)
  24: ( 78, 27)
  07: ( 79, 27)
----
Hex:
00 00 00 00 00 00 00 00 00 00 00 00 00 00 00 00
d0 07 08 00 00 00 00 00 00 00 00 00 00 00 00 00
00 00 00 00 00 00 00 00 00 00 0d 7d 39 53 24 07
00 00 00 00 00 00 00 00 00 00 00 00 00 00 00 00
00 00 00 00 00 00 00 00 00 00 00 00 00 00 00 00
00 00 00 00 00 00 00 00 00 00 00 00 00 00 00 00
00 00 00 00 00 00 00 00 00 00 00 00 00 00 00 00
00 00 00 00 00 00 00 00 00 00 00 00 00 00 00 00
Checksum:
  4180..41ff: 00 00 00 00
AnimeMaker:
  D0: ( 48, 27)
  07: ( 49, 27)
  08: ( 50, 27)
  0D: ( 74, 27)
  7D: ( 75, 27)
  39: ( 76, 27)
  53: ( 77, 27)
  24: ( 78, 27)
  07: ( 79, 27)
----
Hex:
00 00 00 00 00 00 00 00 00 00 00 00 00 00 00 00
d0 07 08 00 00 00 00 00 00 00 00 00 00 00 00 00
00 00 00 00 00 00 00 00 00 00 00 00 00 00 24 07
51 17 c9 7b 00 00 00 00 00 00 00 00 00 00 00 00
00 00 00 00 00 00 00 00 00 00 00 00 00 00 00 00
00 00 00 00 00 00 00 00 00 00 00 00 00 00 00 00
00 00 00 00 00 00 00 00 00 00 00 00 00 00 00 00
00 00 00 00 00 00 00 00 00 00 00 00 00 00 00 00
Checksum:
  4180..41ff: 00 00 00 00
AnimeMaker:
  D0: ( 48, 27)
  07: ( 49, 27)
  08: ( 50, 27)
  24: ( 78, 27)
  07: ( 79, 27)
  51: ( 80, 27)
  17: ( 81, 27)
  C9: ( 82, 27)
  7B: ( 83, 27)
----
Hex:
00 00 00 00 00 00 00 00 00 00 00 00 00 00 00 00
d0 07 08 00 00 00 00 00 00 00 00 00 00 00 00 00
00 00 00 00 00 00 00 00 00 00 00 00 00 00 24 07
00 6b 9f cd b0 00 00 00 00 00 00 00 00 00 00 00
00 00 00 00 00 00 00 00 00 00 00 00 00 00 00 00
00 00 00 00 00 00 00 00 00 00 00 00 00 00 00 00
00 00 00 00 00 00 00 00 00 00 00 00 00 00 00 00
00 00 00 00 00 00 00 00 00 00 00 00 00 00 00 00
Checksum:
  4180..41ff: 00 00 00 00
AnimeMaker:
  D0: ( 48, 27)
  07: ( 49, 27)
  08: ( 50, 27)
  24: ( 78, 27)
  07: ( 79, 27)
  6B: ( 81, 27)
  9F: ( 82, 27)
  CD: ( 83, 27)
  B0: ( 84, 27)
----
Hex:
00 00 00 00 00 00 00 00 00 00 00 00 00 00 00 00
d0 07 08 00 00 00 00 00 00 00 00 00 00 00 00 00
00 00 00 00 00 00 00 00 00 00 00 00 00 00 24 07
00 00 18 23 bd f6 00 00 00 00 00 00 00 00 00 00
00 00 00 00 00 00 00 00 00 00 00 00 00 00 00 00
00 00 00 00 00 00 00 00 00 00 00 00 00 00 00 00
00 00 00 00 00 00 00 00 00 00 00 00 00 00 00 00
00 00 00 00 00 00 00 00 00 00 00 00 00 00 00 00
Checksum:
  4180..41ff: 00 00 00 00
AnimeMaker:
  D0: ( 48, 27)
  07: ( 49, 27)
  08: ( 50, 27)
  24: ( 78, 27)
  07: ( 79, 27)
  18: ( 82, 27)
  23: ( 83, 27)
  BD: ( 84, 27)
  F6: ( 85, 27)
----
Hex:
00 00 00 00 00 00 00 00 00 00 00 00 00 00 00 00
d0 07 08 00 00 00 00 00 00 00 00 00 00 00 00 00
00 00 00 00 00 00 00 00 00 00 00 00 00 00 24 07
00 00 00 49 a4 c0 c8 00 00 00 00 00 00 00 00 00
00 00 00 00 00 00 00 00 00 00 00 00 00 00 00 00
00 00 00 00 00 00 00 00 00 00 00 00 00 00 00 00
00 00 00 00 00 00 00 00 00 00 00 00 00 00 00 00
00 00 00 00 00 00 00 00 00 00 00 00 00 00 00 00
Checksum:
  4180..41ff: 00 00 00 00
AnimeMaker:
  D0: ( 48, 27)
  07: ( 49, 27)
  08: ( 50, 27)
  24: ( 78, 27)
  07: ( 79, 27)
  49: ( 83, 27)
  A4: ( 84, 27)
  C0: ( 85, 27)
  C8: ( 86, 27)
----
Hex:
00 00 00 00 00 00 00 00 00 00 00 00 00 00 00 00
d0 07 08 00 00 00 00 00 00 00 00 00 00 00 00 00
00 00 00 00 00 00 00 00 00 00 00 00 00 00 24 07
00 00 00 00 b2 8f 48 78 00 00 00 00 00 00 00 00
00 00 00 00 00 00 00 00 00 00 00 00 00 00 00 00
00 00 00 00 00 00 00 00 00 00 00 00 00 00 00 00
00 00 00 00 00 00 00 00 00 00 00 00 00 00 00 00
00 00 00 00 00 00 00 00 00 00 00 00 00 00 00 00
Checksum:
  4180..41ff: 00 00 00 00
AnimeMaker:
  D0: ( 48, 27)
  07: ( 49, 27)
  08: ( 50, 27)
  24: ( 78, 27)
  07: ( 79, 27)
  B2: ( 84, 27)
  8F: ( 85, 27)
  48: ( 86, 27)
  78: ( 87, 27)
----
Hex:
00 00 00 00 00 00 00 00 00 00 00 00 00 00 00 00
d0 07 08 00 00 00 00 00 00 00 00 00 00 00 00 00
00 00 00 00 00 00 00 00 00 00 00 00 00 00 24 07
00 00 00 00 00 3b f4 ce 10 00 00 00 00 00 00 00
00 00 00 00 00 00 00 00 00 00 00 00 00 00 00 00
00 00 00 00 00 00 00 00 00 00 00 00 00 00 00 00
00 00 00 00 00 00 00 00 00 00 00 00 00 00 00 00
00 00 00 00 00 00 00 00 00 00 00 00 00 00 00 00
Checksum:
  4180..41ff: 00 00 00 00
AnimeMaker:
  D0: ( 48, 27)
  07: ( 49, 27)
  08: ( 50, 27)
  24: ( 78, 27)
  07: ( 79, 27)
  3B: ( 85, 27)
  F4: ( 86, 27)
  CE: ( 87, 27)
  10: ( 88, 27)
----
Hex:
00 00 00 00 00 00 00 00 00 00 00 00 00 00 00 00
d0 07 08 00 00 00 00 00 00 00 00 00 00 00 00 00
00 00 00 00 00 00 00 00 00 00 00 00 00 00 24 07
00 00 00 00 00 00 0b b7 b6 f1 00 00 00 00 00 00
00 00 00 00 00 00 00 00 00 00 00 00 00 00 00 00
00 00 00 00 00 00 00 00 00 00 00 00 00 00 00 00
00 00 00 00 00 00 00 00 00 00 00 00 00 00 00 00
00 00 00 00 00 00 00 00 00 00 00 00 00 00 00 00
Checksum:
  4180..41ff: 00 00 00 00
AnimeMaker:
  D0: ( 48, 27)
  07: ( 49, 27)
  08: ( 50, 27)
  24: ( 78, 27)
  07: ( 79, 27)
  0B: ( 86, 27)
  B7: ( 87, 27)
  B6: ( 88, 27)
  F1: ( 89, 27)
----
Hex:
00 00 00 00 00 00 00 00 00 00 00 00 00 00 00 00
d0 07 08 00 00 00 00 00 00 00 00 00 00 00 00 00
00 00 00 00 00 00 00 00 00 00 00 00 00 00 24 07
00 00 00 00 00 00 00 9c fd 3a 61 00 00 00 00 00
00 00 00 00 00 00 00 00 00 00 00 00 00 00 00 00
00 00 00 00 00 00 00 00 00 00 00 00 00 00 00 00
00 00 00 00 00 00 00 00 00 00 00 00 00 00 00 00
00 00 00 00 00 00 00 00 00 00 00 00 00 00 00 00
Checksum:
  4180..41ff: 00 00 00 00
AnimeMaker:
  D0: ( 48, 27)
  07: ( 49, 27)
  08: ( 50, 27)
  24: ( 78, 27)
  07: ( 79, 27)
  9C: ( 87, 27)
  FD: ( 88, 27)
  3A: ( 89, 27)
  61: ( 90, 27)
----
Hex:
00 00 00 00 00 00 00 00 00 00 00 00 00 00 00 00
d0 07 08 00 00 00 00 00 00 00 00 00 00 00 00 00
00 00 00 00 00 00 00 00 00 00 00 00 00 00 24 07
00 00 00 00 00 00 00 00 ed 2b c1 fa 00 00 00 00
00 00 00 00 00 00 00 00 00 00 00 00 00 00 00 00
00 00 00 00 00 00 00 00 00 00 00 00 00 00 00 00
00 00 00 00 00 00 00 00 00 00 00 00 00 00 00 00
00 00 00 00 00 00 00 00 00 00 00 00 00 00 00 00
Checksum:
  4180..41ff: 00 00 00 00
AnimeMaker:
  D0: ( 48, 27)
  07: ( 49, 27)
  08: ( 50, 27)
  24: ( 78, 27)
  07: ( 79, 27)
  ED: ( 88, 27)
  2B: ( 89, 27)
  C1: ( 90, 27)
  FA: ( 91, 27)
----
Hex:
00 00 00 00 00 00 00 00 00 00 00 00 00 00 00 00
d0 07 08 00 00 00 00 00 00 00 00 00 00 00 00 00
00 00 00 00 00 00 00 00 00 00 00 00 00 00 24 07
00 00 00 00 00 00 00 00 00 df a5 5a aa 00 00 00
00 00 00 00 00 00 00 00 00 00 00 00 00 00 00 00
00 00 00 00 00 00 00 00 00 00 00 00 00 00 00 00
00 00 00 00 00 00 00 00 00 00 00 00 00 00 00 00
00 00 00 00 00 00 00 00 00 00 00 00 00 00 00 00
Checksum:
  4180..41ff: 00 00 00 00
AnimeMaker:
  D0: ( 48, 27)
  07: ( 49, 27)
  08: ( 50, 27)
  24: ( 78, 27)
  07: ( 79, 27)
  DF: ( 89, 27)
  A5: ( 90, 27)
  5A: ( 91, 27)
  AA: ( 92, 27)
----
Hex:
00 00 00 00 00 00 00 00 00 00 00 00 00 00 00 00
d0 07 08 00 00 00 00 00 00 00 00 00 00 00 00 00
00 00 00 00 00 00 00 00 00 00 00 00 00 00 24 07
00 00 00 00 00 00 00 00 00 00 8c 8e 5c 54 00 00
00 00 00 00 00 00 00 00 00 00 00 00 00 00 00 00
00 00 00 00 00 00 00 00 00 00 00 00 00 00 00 00
00 00 00 00 00 00 00 00 00 00 00 00 00 00 00 00
00 00 00 00 00 00 00 00 00 00 00 00 00 00 00 00
Checksum:
  4180..41ff: 00 00 00 00
AnimeMaker:
  D0: ( 48, 27)
  07: ( 49, 27)
  08: ( 50, 27)
  24: ( 78, 27)
  07: ( 79, 27)
  8C: ( 90, 27)
  8E: ( 91, 27)
  5C: ( 92, 27)
  54: ( 93, 27)
----
Hex:
00 00 00 00 00 00 00 00 00 00 00 00 00 00 00 00
d0 07 08 00 00 00 00 00 00 00 00 00 00 00 00 00
00 00 00 00 00 00 00 00 00 00 00 00 00 00 24 07
00 00 00 00 00 00 00 00 00 00 00 d2 5c 2f 8a 00
00 00 00 00 00 00 00 00 00 00 00 00 00 00 00 00
00 00 00 00 00 00 00 00 00 00 00 00 00 00 00 00
00 00 00 00 00 00 00 00 00 00 00 00 00 00 00 00
00 00 00 00 00 00 00 00 00 00 00 00 00 00 00 00
Checksum:
  4180..41ff: 00 00 00 00
AnimeMaker:
  D0: ( 48, 27)
  07: ( 49, 27)
  08: ( 50, 27)
  24: ( 78, 27)
  07: ( 79, 27)
  D2: ( 91, 27)
  5C: ( 92, 27)
  2F: ( 93, 27)
  8A: ( 94, 27)
----
Hex:
00 00 00 00 00 00 00 00 00 00 00 00 00 00 00 00
d0 07 08 00 00 00 00 00 00 00 00 00 00 00 00 00
00 00 00 00 00 00 00 00 00 00 00 00 00 00 24 07
00 00 00 00 00 00 00 00 00 00 00 00 44 36 fa 87
00 00 00 00 00 00 00 00 00 00 00 00 00 00 00 00
00 00 00 00 00 00 00 00 00 00 00 00 00 00 00 00
00 00 00 00 00 00 00 00 00 00 00 00 00 00 00 00
00 00 00 00 00 00 00 00 00 00 00 00 00 00 00 00
Checksum:
  4180..41ff: 00 00 00 00
AnimeMaker:
  D0: ( 48, 27)
  07: ( 49, 27)
  08: ( 50, 27)
  24: ( 78, 27)
  07: ( 79, 27)
  44: ( 92, 27)
  36: ( 93, 27)
  FA: ( 94, 27)
  87: ( 95, 27)
----
Hex:
00 00 00 00 00 00 00 00 00 00 00 00 00 00 00 00
d0 07 08 00 00 00 00 00 00 00 00 00 00 00 00 00
00 00 00 00 00 00 00 00 00 00 00 00 00 00 24 07
00 00 00 00 00 00 00 00 00 00 00 00 00 11 78 81
ab 00 00 00 00 00 00 00 00 00 00 00 00 00 00 00
00 00 00 00 00 00 00 00 00 00 00 00 00 00 00 00
00 00 00 00 00 00 00 00 00 00 00 00 00 00 00 00
00 00 00 00 00 00 00 00 00 00 00 00 00 00 00 00
Checksum:
  4180..41ff: 00 00 00 00
AnimeMaker:
  D0: ( 48, 27)
  07: ( 49, 27)
  08: ( 50, 27)
  24: ( 78, 27)
  07: ( 79, 27)
  11: ( 93, 27)
  78: ( 94, 27)
  81: ( 95, 27)
  AB: ( 96, 27)
----
Hex:
00 00 00 00 00 00 00 00 00 00 00 00 00 00 00 00
d0 07 08 00 00 00 00 00 00 00 00 00 00 00 00 00
00 00 00 00 00 00 00 00 00 00 00 00 00 00 24 07
00 00 00 00 00 00 00 00 00 00 00 00 00 00 30 51
6d c7 00 00 00 00 00 00 00 00 00 00 00 00 00 00
00 00 00 00 00 00 00 00 00 00 00 00 00 00 00 00
00 00 00 00 00 00 00 00 00 00 00 00 00 00 00 00
00 00 00 00 00 00 00 00 00 00 00 00 00 00 00 00
Checksum:
  4180..41ff: 00 00 00 00
AnimeMaker:
  D0: ( 48, 27)
  07: ( 49, 27)
  08: ( 50, 27)
  24: ( 78, 27)
  07: ( 79, 27)
  30: ( 94, 27)
  51: ( 95, 27)
  6D: ( 96, 27)
  C7: ( 97, 27)
----
Hex:
00 00 00 00 00 00 00 00 00 00 00 00 00 00 00 00
d0 07 08 00 00 00 00 00 00 00 00 00 00 00 00 00
00 00 00 00 00 00 00 00 00 00 00 00 00 00 24 07
00 00 00 00 00 00 00 00 00 00 00 00 00 00 00 85
5f aa 90 00 00 00 00 00 00 00 00 00 00 00 00 00
00 00 00 00 00 00 00 00 00 00 00 00 00 00 00 00
00 00 00 00 00 00 00 00 00 00 00 00 00 00 00 00
00 00 00 00 00 00 00 00 00 00 00 00 00 00 00 00
Checksum:
  4180..41ff: 00 00 00 00
AnimeMaker:
  D0: ( 48, 27)
  07: ( 49, 27)
  08: ( 50, 27)
  24: ( 78, 27)
  07: ( 79, 27)
  85: ( 95, 27)
  5F: ( 96, 27)
  AA: ( 97, 27)
  90: ( 98, 27)
----
Hex:
00 00 00 00 00 00 00 00 00 00 00 00 00 00 00 00
d0 07 08 00 00 00 00 00 00 00 00 00 00 00 00 00
00 00 00 00 00 00 00 00 00 00 00 00 00 00 24 07
00 00 00 00 00 00 00 00 00 00 00 00 00 00 00 00
21 63 1b 85 00 00 00 00 00 00 00 00 00 00 00 00
00 00 00 00 00 00 00 00 00 00 00 00 00 00 00 00
00 00 00 00 00 00 00 00 00 00 00 00 00 00 00 00
00 00 00 00 00 00 00 00 00 00 00 00 00 00 00 00
Checksum:
  4180..41ff: 00 00 00 00
AnimeMaker:
  D0: ( 48, 27)
  07: ( 49, 27)
  08: ( 50, 27)
  24: ( 78, 27)
  07: ( 79, 27)
  21: ( 96, 27)
  63: ( 97, 27)
  1B: ( 98, 27)
  85: ( 99, 27)
----
Hex:
00 00 00 00 00 00 00 00 00 00 00 00 00 00 00 00
d0 07 08 00 00 00 00 00 00 00 00 00 00 00 00 00
00 00 00 00 00 00 00 00 00 00 00 00 00 00 24 07
00 00 00 00 00 00 00 00 00 00 00 00 00 00 00 00
00 ff f9 2e 57 00 00 00 00 00 00 00 00 00 00 00
00 00 00 00 00 00 00 00 00 00 00 00 00 00 00 00
00 00 00 00 00 00 00 00 00 00 00 00 00 00 00 00
00 00 00 00 00 00 00 00 00 00 00 00 00 00 00 00
Checksum:
  4180..41ff: 00 00 00 00
AnimeMaker:
  D0: ( 48, 27)
  07: ( 49, 27)
  08: ( 50, 27)
  24: ( 78, 27)
  07: ( 79, 27)
  FF: ( 97, 27)
  F9: ( 98, 27)
  2E: ( 99, 27)
  57: (100, 27)
----
Hex:
00 00 00 00 00 00 00 00 00 00 00 00 00 00 00 00
d0 07 08 00 00 00 00 00 00 00 00 00 00 00 00 00
00 00 00 00 00 00 00 00 00 00 00 00 00 00 24 07
00 00 00 00 00 00 00 00 00 00 00 00 00 00 00 00
00 00 48 d9 17 b4 00 00 00 00 00 00 00 00 00 00
00 00 00 00 00 00 00 00 00 00 00 00 00 00 00 00
00 00 00 00 00 00 00 00 00 00 00 00 00 00 00 00
00 00 00 00 00 00 00 00 00 00 00 00 00 00 00 00
Checksum:
  4180..41ff: 00 00 00 00
AnimeMaker:
  D0: ( 48, 27)
  07: ( 49, 27)
  08: ( 50, 27)
  24: ( 78, 27)
  07: ( 79, 27)
  48: ( 98, 27)
  D9: ( 99, 27)
  17: (100, 27)
  B4: (101, 27)
----
Hex:
00 00 00 00 00 00 00 00 00 00 00 00 00 00 00 00
d0 07 08 00 00 00 00 00 00 00 00 00 00 00 00 00
00 00 00 00 00 00 00 00 00 00 00 00 00 00 24 07
00 00 00 00 00 00 00 00 00 00 00 00 00 00 00 00
00 00 00 cb 99 29 cf 00 00 00 00 00 00 00 00 00
00 00 00 00 00 00 00 00 00 00 00 00 00 00 00 00
00 00 00 00 00 00 00 00 00 00 00 00 00 00 00 00
00 00 00 00 00 00 00 00 00 00 00 00 00 00 00 00
Checksum:
  4180..41ff: 00 00 00 00
AnimeMaker:
  D0: ( 48, 27)
  07: ( 49, 27)
  08: ( 50, 27)
  24: ( 78, 27)
  07: ( 79, 27)
  CB: ( 99, 27)
  99: (100, 27)
  29: (101, 27)
  CF: (102, 27)
----
Hex:
00 00 00 00 00 00 00 00 00 00 00 00 00 00 00 00
d0 07 08 00 00 00 00 00 00 00 00 00 00 00 00 00
00 00 00 00 00 00 00 00 00 00 00 00 00 00 24 07
00 00 00 00 00 00 00 00 00 00 00 00 00 00 00 00
00 00 00 00 ef e8 94 f8 00 00 00 00 00 00 00 00
00 00 00 00 00 00 00 00 00 00 00 00 00 00 00 00
00 00 00 00 00 00 00 00 00 00 00 00 00 00 00 00
00 00 00 00 00 00 00 00 00 00 00 00 00 00 00 00
Checksum:
  4180..41ff: 00 00 00 00
AnimeMaker:
  D0: ( 48, 27)
  07: ( 49, 27)
  08: ( 50, 27)
  24: ( 78, 27)
  07: ( 79, 27)
  EF: (100, 27)
  E8: (101, 27)
  94: (102, 27)
  F8: (103, 27)
----
Hex:
00 00 00 00 00 00 00 00 00 00 00 00 00 00 00 00
d0 07 08 00 00 00 00 00 00 00 00 00 00 00 00 00
00 00 00 00 00 00 00 00 00 00 00 00 00 00 24 07
00 00 00 00 00 00 00 00 00 00 00 00 00 00 00 00
00 00 00 00 00 15 72 63 c4 00 00 00 00 00 00 00
00 00 00 00 00 00 00 00 00 00 00 00 00 00 00 00
00 00 00 00 00 00 00 00 00 00 00 00 00 00 00 00
00 00 00 00 00 00 00 00 00 00 00 00 00 00 00 00
Checksum:
  4180..41ff: 00 00 00 00
AnimeMaker:
  D0: ( 48, 27)
  07: ( 49, 27)
  08: ( 50, 27)
  24: ( 78, 27)
  07: ( 79, 27)
  15: (101, 27)
  72: (102, 27)
  63: (103, 27)
  C4: (104, 27)
----
Hex:
00 00 00 00 00 00 00 00 00 00 00 00 00 00 00 00
d0 07 08 00 00 00 00 00 00 00 00 00 00 00 00 00
00 00 00 00 00 00 00 00 00 00 00 00 00 00 24 07
00 00 00 00 00 00 00 00 00 00 00 00 00 00 00 00
00 00 00 00 00 00 29 b7 74 1b 00 00 00 00 00 00
00 00 00 00 00 00 00 00 00 00 00 00 00 00 00 00
00 00 00 00 00 00 00 00 00 00 00 00 00 00 00 00
00 00 00 00 00 00 00 00 00 00 00 00 00 00 00 00
Checksum:
  4180..41ff: 00 00 00 00
AnimeMaker:
  D0: ( 48, 27)
  07: ( 49, 27)
  08: ( 50, 27)
  24: ( 78, 27)
  07: ( 79, 27)
  29: (102, 27)
  B7: (103, 27)
  74: (104, 27)
  1B: (105, 27)
----
Hex:
00 00 00 00 00 00 00 00 00 00 00 00 00 00 00 00
d0 07 08 00 00 00 00 00 00 00 00 00 00 00 00 00
00 00 00 00 00 00 00 00 00 00 00 00 00 00 24 07
00 00 00 00 00 00 00 00 00 00 00 00 00 00 00 00
00 00 00 00 00 00 00 0d 9e 5d ef 00 00 00 00 00
00 00 00 00 00 00 00 00 00 00 00 00 00 00 00 00
00 00 00 00 00 00 00 00 00 00 00 00 00 00 00 00
00 00 00 00 00 00 00 00 00 00 00 00 00 00 00 00
Checksum:
  4180..41ff: 00 00 00 00
AnimeMaker:
  D0: ( 48, 27)
  07: ( 49, 27)
  08: ( 50, 27)
  24: ( 78, 27)
  07: ( 79, 27)
  0D: (103, 27)
  9E: (104, 27)
  5D: (105, 27)
  EF: (106, 27)
----
Hex:
00 00 00 00 00 00 00 00 00 00 00 00 00 00 00 00
d0 07 08 00 00 00 00 00 00 00 00 00 00 00 00 00
00 00 00 00 00 00 00 00 00 00 00 00 00 00 24 07
00 00 00 00 00 00 00 00 00 00 00 00 00 00 00 00
00 00 00 00 00 00 00 00 af 90 69 d3 00 00 00 00
00 00 00 00 00 00 00 00 00 00 00 00 00 00 00 00
00 00 00 00 00 00 00 00 00 00 00 00 00 00 00 00
00 00 00 00 00 00 00 00 00 00 00 00 00 00 00 00
Checksum:
  4180..41ff: 00 00 00 00
AnimeMaker:
  D0: ( 48, 27)
  07: ( 49, 27)
  08: ( 50, 27)
  24: ( 78, 27)
  07: ( 79, 27)
  AF: (104, 27)
  90: (105, 27)
  69: (106, 27)
  D3: (107, 27)
----
Hex:
00 00 00 00 00 00 00 00 00 00 00 00 00 00 00 00
d0 07 08 00 00 00 00 00 00 00 00 00 00 00 00 00
00 00 00 00 00 00 00 00 00 00 00 00 00 00 24 07
00 00 00 00 00 00 00 00 00 00 00 00 00 00 00 00
00 00 00 00 00 00 00 00 00 59 09 38 b3 00 00 00
00 00 00 00 00 00 00 00 00 00 00 00 00 00 00 00
00 00 00 00 00 00 00 00 00 00 00 00 00 00 00 00
00 00 00 00 00 00 00 00 00 00 00 00 00 00 00 00
Checksum:
  4180..41ff: 00 00 00 00
AnimeMaker:
  D0: ( 48, 27)
  07: ( 49, 27)
  08: ( 50, 27)
  24: ( 78, 27)
  07: ( 79, 27)
  59: (105, 27)
  09: (106, 27)
  38: (107, 27)
  B3: (108, 27)
----
Hex:
00 00 00 00 00 00 00 00 00 00 00 00 00 00 00 00
d0 07 08 00 00 00 00 00 00 00 00 00 00 00 00 00
00 00 00 00 00 00 00 00 00 00 00 00 00 00 24 07
00 00 00 00 00 00 00 00 00 00 00 00 00 00 00 00
00 00 00 00 00 00 00 00 00 00 53 66 e8 08 00 00
00 00 00 00 00 00 00 00 00 00 00 00 00 00 00 00
00 00 00 00 00 00 00 00 00 00 00 00 00 00 00 00
00 00 00 00 00 00 00 00 00 00 00 00 00 00 00 00
Checksum:
  4180..41ff: 00 00 00 00
AnimeMaker:
  D0: ( 48, 27)
  07: ( 49, 27)
  08: ( 50, 27)
  24: ( 78, 27)
  07: ( 79, 27)
  53: (106, 27)
  66: (107, 27)
  E8: (108, 27)
  08: (109, 27)
----
Hex:
00 00 00 00 00 00 00 00 00 00 00 00 00 00 00 00
d0 07 08 00 00 00 00 00 00 00 00 00 00 00 00 00
00 00 00 00 00 00 00 00 00 00 00 00 00 00 24 07
00 00 00 00 00 00 00 00 00 00 00 00 00 00 00 00
00 00 00 00 00 00 00 00 00 00 00 13 3c 85 de 00
00 00 00 00 00 00 00 00 00 00 00 00 00 00 00 00
00 00 00 00 00 00 00 00 00 00 00 00 00 00 00 00
00 00 00 00 00 00 00 00 00 00 00 00 00 00 00 00
Checksum:
  4180..41ff: 00 00 00 00
AnimeMaker:
  D0: ( 48, 27)
  07: ( 49, 27)
  08: ( 50, 27)
  24: ( 78, 27)
  07: ( 79, 27)
  13: (107, 27)
  3C: (108, 27)
  85: (109, 27)
  DE: (110, 27)
----
Hex:
00 00 00 00 00 00 00 00 00 00 00 00 00 00 00 00
d0 07 08 00 00 00 00 00 00 00 00 00 00 00 00 00
00 00 00 00 00 00 00 00 00 00 00 00 00 00 24 07
00 00 00 00 00 00 00 00 00 00 00 00 00 00 00 00
00 00 00 00 00 00 00 00 00 00 00 00 7d d7 23 a9
00 00 00 00 00 00 00 00 00 00 00 00 00 00 00 00
00 00 00 00 00 00 00 00 00 00 00 00 00 00 00 00
00 00 00 00 00 00 00 00 00 00 00 00 00 00 00 00
Checksum:
  4180..41ff: 00 00 00 00
AnimeMaker:
  D0: ( 48, 27)
  07: ( 49, 27)
  08: ( 50, 27)
  24: ( 78, 27)
  07: ( 79, 27)
  7D: (108, 27)
  D7: (109, 27)
  23: (110, 27)
  A9: (111, 27)
----
Hex:
00 00 00 00 00 00 00 00 00 00 00 00 00 00 00 00
d0 07 08 00 00 00 00 00 00 00 00 00 00 00 00 00
00 00 00 00 00 00 00 00 00 00 00 00 00 00 24 07
00 00 00 00 00 00 00 00 00 00 00 00 00 00 00 00
00 00 00 00 00 00 00 00 00 00 00 00 00 06 5a 32
34 00 00 00 00 00 00 00 00 00 00 00 00 00 00 00
00 00 00 00 00 00 00 00 00 00 00 00 00 00 00 00
00 00 00 00 00 00 00 00 00 00 00 00 00 00 00 00
Checksum:
  4180..41ff: 00 00 00 00
AnimeMaker:
  D0: ( 48, 27)
  07: ( 49, 27)
  08: ( 50, 27)
  24: ( 78, 27)
  07: ( 79, 27)
  06: (109, 27)
  5A: (110, 27)
  32: (111, 27)
  34: (112, 27)
----
Hex:
00 00 00 00 00 00 00 00 00 00 00 00 00 00 00 00
d0 07 08 00 00 00 00 00 00 00 00 00 00 00 00 00
00 00 00 00 00 00 00 00 00 00 00 00 00 00 24 07
00 00 00 00 00 00 00 00 00 00 00 00 00 00 00 00
00 00 00 00 00 00 00 00 00 00 00 00 00 00 40 b4
79 b2 00 00 00 00 00 00 00 00 00 00 00 00 00 00
00 00 00 00 00 00 00 00 00 00 00 00 00 00 00 00
00 00 00 00 00 00 00 00 00 00 00 00 00 00 00 00
Checksum:
  4180..41ff: 00 00 00 00
AnimeMaker:
  D0: ( 48, 27)
  07: ( 49, 27)
  08: ( 50, 27)
  24: ( 78, 27)
  07: ( 79, 27)
  40: (110, 27)
  B4: (111, 27)
  79: (112, 27)
  B2: (113, 27)
----
Hex:
00 00 00 00 00 00 00 00 00 00 00 00 00 00 00 00
d0 07 08 00 00 00 00 00 00 00 00 00 00 00 00 00
00 00 00 00 00 00 00 00 00 00 00 00 00 00 24 07
00 00 00 00 00 00 00 00 00 00 00 00 00 00 00 00
00 00 00 00 00 00 00 00 00 00 00 00 00 00 00 80
ff c2 77 00 00 00 00 00 00 00 00 00 00 00 00 00
00 00 00 00 00 00 00 00 00 00 00 00 00 00 00 00
00 00 00 00 00 00 00 00 00 00 00 00 00 00 00 00
Checksum:
  4180..41ff: 00 00 00 00
AnimeMaker:
  D0: ( 48, 27)
  07: ( 49, 27)
  08: ( 50, 27)
  24: ( 78, 27)
  07: ( 79, 27)
  80: (111, 27)
  FF: (112, 27)
  C2: (113, 27)
  77: (114, 27)
----
Hex:
00 00 00 00 00 00 00 00 00 00 00 00 00 00 00 00
d0 07 08 00 00 00 00 00 00 00 00 00 00 00 00 00
00 00 00 00 00 00 00 00 00 00 00 00 00 00 24 07
00 00 00 00 00 00 00 00 00 00 00 00 00 00 00 00
00 00 00 00 00 00 00 00 00 00 00 00 00 00 00 00
96 ce 97 ee 00 00 00 00 00 00 00 00 00 00 00 00
00 00 00 00 00 00 00 00 00 00 00 00 00 00 00 00
00 00 00 00 00 00 00 00 00 00 00 00 00 00 00 00
Checksum:
  4180..41ff: 00 00 00 00
AnimeMaker:
  D0: ( 48, 27)
  07: ( 49, 27)
  08: ( 50, 27)
  24: ( 78, 27)
  07: ( 79, 27)
  96: (112, 27)
  CE: (113, 27)
  97: (114, 27)
  EE: (115, 27)
----
Hex:
00 00 00 00 00 00 00 00 00 00 00 00 00 00 00 00
d0 07 08 00 00 00 00 00 00 00 00 00 00 00 00 00
00 00 00 00 00 00 00 00 00 00 00 00 00 00 24 07
00 00 00 00 00 00 00 00 00 00 00 00 00 00 00 00
00 00 00 00 00 00 00 00 00 00 00 00 00 00 00 00
00 f1 0c 98 2c 00 00 00 00 00 00 00 00 00 00 00
00 00 00 00 00 00 00 00 00 00 00 00 00 00 00 00
00 00 00 00 00 00 00 00 00 00 00 00 00 00 00 00
Checksum:
  4180..41ff: 00 00 00 00
AnimeMaker:
  D0: ( 48, 27)
  07: ( 49, 27)
  08: ( 50, 27)
  24: ( 78, 27)
  07: ( 79, 27)
  F1: (113, 27)
  0C: (114, 27)
  98: (115, 27)
  2C: (116, 27)
----
Hex:
00 00 00 00 00 00 00 00 00 00 00 00 00 00 00 00
d0 07 08 00 00 00 00 00 00 00 00 00 00 00 00 00
00 00 00 00 00 00 00 00 00 00 00 00 00 00 24 07
00 00 00 00 00 00 00 00 00 00 00 00 00 00 00 00
00 00 00 00 00 00 00 00 00 00 00 00 00 00 00 00
00 00 81 e1 cc be 00 00 00 00 00 00 00 00 00 00
00 00 00 00 00 00 00 00 00 00 00 00 00 00 00 00
00 00 00 00 00 00 00 00 00 00 00 00 00 00 00 00
Checksum:
  4180..41ff: 00 00 00 00
AnimeMaker:
  D0: ( 48, 27)
  07: ( 49, 27)
  08: ( 50, 27)
  24: ( 78, 27)
  07: ( 79, 27)
  81: (114, 27)
  E1: (115, 27)
  CC: (116, 27)
  BE: (117, 27)
----
Hex:
00 00 00 00 00 00 00 00 00 00 00 00 00 00 00 00
d0 07 08 00 00 00 00 00 00 00 00 00 00 00 00 00
00 00 00 00 00 00 00 00 00 00 00 00 00 00 24 07
00 00 00 00 00 00 00 00 00 00 00 00 00 00 00 00
00 00 00 00 00 00 00 00 00 00 00 00 00 00 00 00
00 00 00 8c 01 43 59 00 00 00 00 00 00 00 00 00
00 00 00 00 00 00 00 00 00 00 00 00 00 00 00 00
00 00 00 00 00 00 00 00 00 00 00 00 00 00 00 00
Checksum:
  4180..41ff: 00 00 00 00
AnimeMaker:
  D0: ( 48, 27)
  07: ( 49, 27)
  08: ( 50, 27)
  24: ( 78, 27)
  07: ( 79, 27)
  8C: (115, 27)
  01: (116, 27)
  43: (117, 27)
  59: (118, 27)
----
Hex:
00 00 00 00 00 00 00 00 00 00 00 00 00 00 00 00
d0 07 08 00 00 00 00 00 00 00 00 00 00 00 00 00
00 00 00 00 00 00 00 00 00 00 00 00 00 00 24 07
00 00 00 00 00 00 00 00 00 00 00 00 00 00 00 00
00 00 00 00 00 00 00 00 00 00 00 00 00 00 00 00
00 00 00 00 5d 43 22 8a 00 00 00 00 00 00 00 00
00 00 00 00 00 00 00 00 00 00 00 00 00 00 00 00
00 00 00 00 00 00 00 00 00 00 00 00 00 00 00 00
Checksum:
  4180..41ff: 00 00 00 00
AnimeMaker:
  D0: ( 48, 27)
  07: ( 49, 27)
  08: ( 50, 27)
  24: ( 78, 27)
  07: ( 79, 27)
  5D: (116, 27)
  43: (117, 27)
  22: (118, 27)
  8A: (119, 27)
----
Hex:
00 00 00 00 00 00 00 00 00 00 00 00 00 00 00 00
d0 07 08 00 00 00 00 00 00 00 00 00 00 00 00 00
00 00 00 00 00 00 00 00 00 00 00 00 00 00 24 07
00 00 00 00 00 00 00 00 00 00 00 00 00 00 00 00
00 00 00 00 00 00 00 00 00 00 00 00 00 00 00 00
00 00 00 00 00 0a 78 a7 d4 00 00 00 00 00 00 00
00 00 00 00 00 00 00 00 00 00 00 00 00 00 00 00
00 00 00 00 00 00 00 00 00 00 00 00 00 00 00 00
Checksum:
  4180..41ff: 00 00 00 00
AnimeMaker:
  D0: ( 48, 27)
  07: ( 49, 27)
  08: ( 50, 27)
  24: ( 78, 27)
  07: ( 79, 27)
  0A: (117, 27)
  78: (118, 27)
  A7: (119, 27)
  D4: (120, 27)
----
Hex:
00 00 00 00 00 00 00 00 00 00 00 00 00 00 00 00
d0 07 08 00 00 00 00 00 00 00 00 00 00 00 00 00
00 00 00 00 00 00 00 00 00 00 00 00 00 00 24 07
00 00 00 00 00 00 00 00 00 00 00 00 00 00 00 00
00 00 00 00 00 00 00 00 00 00 00 00 00 00 00 00
00 00 00 00 00 00 57 2d 02 d6 00 00 00 00 00 00
00 00 00 00 00 00 00 00 00 00 00 00 00 00 00 00
00 00 00 00 00 00 00 00 00 00 00 00 00 00 00 00
Checksum:
  4180..41ff: 00 00 00 00
AnimeMaker:
  D0: ( 48, 27)
  07: ( 49, 27)
  08: ( 50, 27)
  24: ( 78, 27)
  07: ( 79, 27)
  57: (118, 27)
  2D: (119, 27)
  02: (120, 27)
  D6: (121, 27)
----
Hex:
00 00 00 00 00 00 00 00 00 00 00 00 00 00 00 00
d0 07 08 00 00 00 00 00 00 00 00 00 00 00 00 00
00 00 00 00 00 00 00 00 00 00 00 00 00 00 24 07
00 00 00 00 00 00 00 00 00 00 00 00 00 00 00 00
00 00 00 00 00 00 00 00 00 00 00 00 00 00 00 00
00 00 00 00 00 00 00 4b d2 2d 02 00 00 00 00 00
00 00 00 00 00 00 00 00 00 00 00 00 00 00 00 00
00 00 00 00 00 00 00 00 00 00 00 00 00 00 00 00
Checksum:
  4180..41ff: 00 00 00 00
AnimeMaker:
  D0: ( 48, 27)
  07: ( 49, 27)
  08: ( 50, 27)
  24: ( 78, 27)
  07: ( 79, 27)
  4B: (119, 27)
  D2: (120, 27)
  2D: (121, 27)
  02: (122, 27)
----
Hex:
00 00 00 00 00 00 00 00 00 00 00 00 00 00 00 00
d0 07 08 00 00 00 00 00 00 00 00 00 00 00 00 00
00 00 00 00 00 00 00 00 00 00 00 00 00 00 24 07
00 00 00 00 00 00 00 00 00 00 00 00 00 00 00 00
00 00 00 00 00 00 00 00 00 00 00 00 00 00 00 00
00 00 00 00 00 00 00 00 cd e0 b9 16 00 00 00 00
00 00 00 00 00 00 00 00 00 00 00 00 00 00 00 00
00 00 00 00 00 00 00 00 00 00 00 00 00 00 00 00
Checksum:
  4180..41ff: 00 00 00 00
AnimeMaker:
  D0: ( 48, 27)
  07: ( 49, 27)
  08: ( 50, 27)
  24: ( 78, 27)
  07: ( 79, 27)
  CD: (120, 27)
  E0: (121, 27)
  B9: (122, 27)
  16: (123, 27)
----
Hex:
00 00 00 00 00 00 00 00 00 00 00 00 00 00 00 00
d0 07 08 00 00 00 00 00 00 00 00 00 00 00 00 00
00 00 00 00 00 00 00 00 00 00 00 00 00 00 24 07
00 00 00 00 00 00 00 00 00 00 00 00 00 00 00 00
00 00 00 00 00 00 00 00 00 00 00 00 00 00 00 00
00 00 00 00 00 00 00 00 00 8c fe 00 4a 00 00 00
00 00 00 00 00 00 00 00 00 00 00 00 00 00 00 00
00 00 00 00 00 00 00 00 00 00 00 00 00 00 00 00
Checksum:
  4180..41ff: 00 00 00 00
AnimeMaker:
  D0: ( 48, 27)
  07: ( 49, 27)
  08: ( 50, 27)
  24: ( 78, 27)
  07: ( 79, 27)
  8C: (121, 27)
  FE: (122, 27)
  4A: (124, 27)
----
Hex:
00 00 00 00 00 00 00 00 00 00 00 00 00 00 00 00
d0 07 08 00 00 00 00 00 00 00 00 00 00 00 00 00
00 00 00 00 00 00 00 00 00 00 00 00 00 00 24 07
00 00 00 00 00 00 00 00 00 00 00 00 00 00 00 00
00 00 00 00 00 00 00 00 00 00 00 00 00 00 00 00
00 00 00 00 00 00 00 00 00 00 a2 00 31 8a 00 00
00 00 00 00 00 00 00 00 00 00 00 00 00 00 00 00
00 00 00 00 00 00 00 00 00 00 00 00 00 00 00 00
Checksum:
  4180..41ff: 00 00 00 00
AnimeMaker:
  D0: ( 48, 27)
  07: ( 49, 27)
  08: ( 50, 27)
  24: ( 78, 27)
  07: ( 79, 27)
  A2: (122, 27)
  31: (124, 27)
  8A: (125, 27)
----
Hex:
00 00 00 00 00 00 00 00 00 00 00 00 00 00 00 00
d0 07 08 00 00 00 00 00 00 00 00 00 00 00 00 00
00 00 00 00 00 00 00 00 00 00 00 00 00 00 24 07
00 00 00 00 00 00 00 00 00 00 00 00 00 00 00 00
00 00 00 00 00 00 00 00 00 00 00 00 00 00 00 00
00 00 00 00 00 00 00 00 00 00 00 f8 9c e7 60 00
00 00 00 00 00 00 00 00 00 00 00 00 00 00 00 00
00 00 00 00 00 00 00 00 00 00 00 00 00 00 00 00
Checksum:
  4180..41ff: 00 00 00 00
AnimeMaker:
  D0: ( 48, 27)
  07: ( 49, 27)
  08: ( 50, 27)
  24: ( 78, 27)
  07: ( 79, 27)
  F8: (123, 27)
  9C: (124, 27)
  E7: (125, 27)
  60: (126, 27)
----
Hex:
00 00 00 00 00 00 00 00 00 00 00 00 00 00 00 00
d0 07 08 00 00 00 00 00 00 00 00 00 00 00 00 00
00 00 00 00 00 00 00 00 00 00 00 00 00 00 24 07
00 00 00 00 00 00 00 00 00 00 00 00 00 00 00 00
00 00 00 00 00 00 00 00 00 00 00 00 00 00 00 00
00 00 00 00 00 00 00 00 00 00 00 00 33 57 70 b1
00 00 00 00 00 00 00 00 00 00 00 00 00 00 00 00
00 00 00 00 00 00 00 00 00 00 00 00 00 00 00 00
Checksum:
  4180..41ff: 00 00 00 00
AnimeMaker:
  D0: ( 48, 27)
  07: ( 49, 27)
  08: ( 50, 27)
  24: ( 78, 27)
  07: ( 79, 27)
  33: (124, 27)
  57: (125, 27)
  70: (126, 27)
  B1: (127, 27)
----
Hex:
00 00 00 00 00 00 00 00 00 00 00 00 00 00 00 00
d0 07 08 00 00 00 00 00 00 00 00 00 00 00 00 00
00 00 00 00 00 00 00 00 00 00 00 00 00 00 24 07
00 00 00 00 00 00 00 00 00 00 00 00 00 00 00 00
00 00 00 00 00 00 00 00 00 00 00 00 00 00 00 00
00 00 00 00 00 00 00 00 00 00 00 00 00 8e 01 fa
49 00 00 00 00 00 00 00 00 00 00 00 00 00 00 00
00 00 00 00 00 00 00 00 00 00 00 00 00 00 00 00
Checksum:
  4180..41ff: 00 00 00 00
AnimeMaker:
  D0: ( 48, 27)
  07: ( 49, 27)
  08: ( 50, 27)
  24: ( 78, 27)
  07: ( 79, 27)
  8E: (125, 27)
  01: (126, 27)
  FA: (127, 27)
  49: (128, 27)
----
Hex:
00 00 00 00 00 00 00 00 00 00 00 00 00 00 00 00
d0 07 08 00 00 00 00 00 00 00 00 00 00 00 00 00
00 00 00 00 00 00 00 00 00 00 00 00 00 00 24 07
00 00 00 00 00 00 00 00 00 00 00 00 00 00 00 00
00 00 00 00 00 00 00 00 00 00 00 00 00 00 00 00
00 00 00 00 00 00 00 00 00 00 00 00 00 00 54 78
09 e4 00 00 00 00 00 00 00 00 00 00 00 00 00 00
00 00 00 00 00 00 00 00 00 00 00 00 00 00 00 00
Checksum:
  4180..41ff: 00 00 00 00
AnimeMaker:
  D0: ( 48, 27)
  07: ( 49, 27)
  08: ( 50, 27)
  24: ( 78, 27)
  07: ( 79, 27)
  54: (126, 27)
  78: (127, 27)
  09: (128, 27)
  E4: (129, 27)
----
Hex:
00 00 00 00 00 00 00 00 00 00 00 00 00 00 00 00
d0 07 08 00 00 00 00 00 00 00 00 00 00 00 00 00
00 00 00 00 00 00 00 00 00 00 00 00 00 00 24 07
00 00 00 00 00 00 00 00 00 00 00 00 00 00 00 00
00 00 00 00 00 00 00 00 00 00 00 00 00 00 00 00
00 00 00 00 00 00 00 00 00 00 00 00 00 00 00 13
9a 39 db 00 00 00 00 00 00 00 00 00 00 00 00 00
00 00 00 00 00 00 00 00 00 00 00 00 00 00 00 00
Checksum:
  4180..41ff: 00 00 00 00
AnimeMaker:
  D0: ( 48, 27)
  07: ( 49, 27)
  08: ( 50, 27)
  24: ( 78, 27)
  07: ( 79, 27)
  13: (127, 27)
  9A: (128, 27)
  39: (129, 27)
  DB: (130, 27)
----
Hex:
00 00 00 00 00 00 00 00 00 00 00 00 00 00 00 00
d0 07 08 00 00 00 00 00 00 00 00 00 00 00 00 00
00 00 00 00 00 00 00 00 00 00 00 00 00 00 24 07
00 00 00 00 00 00 00 00 00 00 00 00 00 00 00 00
00 00 00 00 00 00 00 00 00 00 00 00 00 00 00 00
00 00 00 00 00 00 00 00 00 00 00 00 00 00 00 00
db 6b 26 a9 00 00 00 00 00 00 00 00 00 00 00 00
00 00 00 00 00 00 00 00 00 00 00 00 00 00 00 00
Checksum:
  4180..41ff: 00 00 00 00
AnimeMaker:
  D0: ( 48, 27)
  07: ( 49, 27)
  08: ( 50, 27)
  24: ( 78, 27)
  07: ( 79, 27)
  DB: (128, 27)
  6B: (129, 27)
  26: (130, 27)
  A9: (131, 27)
----
Hex:
00 00 00 00 00 00 00 00 00 00 00 00 00 00 00 00
d0 07 08 00 00 00 00 00 00 00 00 00 00 00 00 00
00 00 00 00 00 00 00 00 00 00 00 00 00 00 24 07
00 00 00 00 00 00 00 00 00 00 00 00 00 00 00 00
00 00 00 00 00 00 00 00 00 00 00 00 00 00 00 00
00 00 00 00 00 00 00 00 00 00 00 00 00 00 00 00
00 51 f6 29 88 00 00 00 00 00 00 00 00 00 00 00
00 00 00 00 00 00 00 00 00 00 00 00 00 00 00 00
Checksum:
  4180..41ff: 00 00 00 00
AnimeMaker:
  D0: ( 48, 27)
  07: ( 49, 27)
  08: ( 50, 27)
  24: ( 78, 27)
  07: ( 79, 27)
  51: (129, 27)
  F6: (130, 27)
  29: (131, 27)
  88: (132, 27)
----
Hex:
00 00 00 00 00 00 00 00 00 00 00 00 00 00 00 00
d0 07 08 00 00 00 00 00 00 00 00 00 00 00 00 00
00 00 00 00 00 00 00 00 00 00 00 00 00 00 24 07
00 00 00 00 00 00 00 00 00 00 00 00 00 00 00 00
00 00 00 00 00 00 00 00 00 00 00 00 00 00 00 00
00 00 00 00 00 00 00 00 00 00 00 00 00 00 00 00
00 00 8a 7f 3e b0 00 00 00 00 00 00 00 00 00 00
00 00 00 00 00 00 00 00 00 00 00 00 00 00 00 00
Checksum:
  4180..41ff: 00 00 00 00
AnimeMaker:
  D0: ( 48, 27)
  07: ( 49, 27)
  08: ( 50, 27)
  24: ( 78, 27)
  07: ( 79, 27)
  8A: (130, 27)
  7F: (131, 27)
  3E: (132, 27)
  B0: (133, 27)
----
Hex:
00 00 00 00 00 00 00 00 00 00 00 00 00 00 00 00
d0 07 08 00 00 00 00 00 00 00 00 00 00 00 00 00
00 00 00 00 00 00 00 00 00 00 00 00 00 00 24 07
00 00 00 00 00 00 00 00 00 00 00 00 00 00 00 00
00 00 00 00 00 00 00 00 00 00 00 00 00 00 00 00
00 00 00 00 00 00 00 00 00 00 00 00 00 00 00 00
00 00 00 39 b8 86 38 00 00 00 00 00 00 00 00 00
00 00 00 00 00 00 00 00 00 00 00 00 00 00 00 00
Checksum:
  4180..41ff: 00 00 00 00
AnimeMaker:
  D0: ( 48, 27)
  07: ( 49, 27)
  08: ( 50, 27)
  24: ( 78, 27)
  07: ( 79, 27)
  39: (131, 27)
  B8: (132, 27)
  86: (133, 27)
  38: (134, 27)
----
Hex:
00 00 00 00 00 00 00 00 00 00 00 00 00 00 00 00
d0 07 08 00 00 00 00 00 00 00 00 00 00 00 00 00
00 00 00 00 00 00 00 00 00 00 00 00 00 00 24 07
00 00 00 00 00 00 00 00 00 00 00 00 00 00 00 00
00 00 00 00 00 00 00 00 00 00 00 00 00 00 00 00
00 00 00 00 00 00 00 00 00 00 00 00 00 00 00 00
00 00 00 00 4e 7d a5 9f 00 00 00 00 00 00 00 00
00 00 00 00 00 00 00 00 00 00 00 00 00 00 00 00
Checksum:
  4180..41ff: 00 00 00 00
AnimeMaker:
  D0: ( 48, 27)
  07: ( 49, 27)
  08: ( 50, 27)
  24: ( 78, 27)
  07: ( 79, 27)
  4E: (132, 27)
  7D: (133, 27)
  A5: (134, 27)
  9F: (135, 27)
----
Hex:
00 00 00 00 00 00 00 00 00 00 00 00 00 00 00 00
d0 07 08 00 00 00 00 00 00 00 00 00 00 00 00 00
00 00 00 00 00 00 00 00 00 00 00 00 00 00 24 07
00 00 00 00 00 00 00 00 00 00 00 00 00 00 00 00
00 00 00 00 00 00 00 00 00 00 00 00 00 00 00 00
00 00 00 00 00 00 00 00 00 00 00 00 00 00 00 00
00 00 00 00 00 75 ad 4f 7d 00 00 00 00 00 00 00
00 00 00 00 00 00 00 00 00 00 00 00 00 00 00 00
Checksum:
  4180..41ff: 00 00 00 00
AnimeMaker:
  D0: ( 48, 27)
  07: ( 49, 27)
  08: ( 50, 27)
  24: ( 78, 27)
  07: ( 79, 27)
  75: (133, 27)
  AD: (134, 27)
  4F: (135, 27)
  7D: (136, 27)
----
Hex:
00 00 00 00 00 00 00 00 00 00 00 00 00 00 00 00
d0 07 08 00 00 00 00 00 00 00 00 00 00 00 00 00
00 00 00 00 00 00 00 00 00 00 00 00 00 00 24 07
00 00 00 00 00 00 00 00 00 00 00 00 00 00 00 00
00 00 00 00 00 00 00 00 00 00 00 00 00 00 00 00
00 00 00 00 00 00 00 00 00 00 00 00 00 00 00 00
00 00 00 00 00 00 5a 3e 0b 8c 00 00 00 00 00 00
00 00 00 00 00 00 00 00 00 00 00 00 00 00 00 00
Checksum:
  4180..41ff: 00 00 00 00
AnimeMaker:
  D0: ( 48, 27)
  07: ( 49, 27)
  08: ( 50, 27)
  24: ( 78, 27)
  07: ( 79, 27)
  5A: (134, 27)
  3E: (135, 27)
  0B: (136, 27)
  8C: (137, 27)
----
Hex:
00 00 00 00 00 00 00 00 00 00 00 00 00 00 00 00
d0 07 08 00 00 00 00 00 00 00 00 00 00 00 00 00
00 00 00 00 00 00 00 00 00 00 00 00 00 00 24 07
00 00 00 00 00 00 00 00 00 00 00 00 00 00 00 00
00 00 00 00 00 00 00 00 00 00 00 00 00 00 00 00
00 00 00 00 00 00 00 00 00 00 00 00 00 00 00 00
00 00 00 00 00 00 00 69 16 f1 d1 00 00 00 00 00
00 00 00 00 00 00 00 00 00 00 00 00 00 00 00 00
Checksum:
  4180..41ff: 00 00 00 00
AnimeMaker:
  D0: ( 48, 27)
  07: ( 49, 27)
  08: ( 50, 27)
  24: ( 78, 27)
  07: ( 79, 27)
  69: (135, 27)
  16: (136, 27)
  F1: (137, 27)
  D1: (138, 27)
----
Hex:
00 00 00 00 00 00 00 00 00 00 00 00 00 00 00 00
d0 07 08 00 00 00 00 00 00 00 00 00 00 00 00 00
00 00 00 00 00 00 00 00 00 00 00 00 00 00 24 07
00 00 00 00 00 00 00 00 00 00 00 00 00 00 00 00
00 00 00 00 00 00 00 00 00 00 00 00 00 00 00 00
00 00 00 00 00 00 00 00 00 00 00 00 00 00 00 00
00 00 00 00 00 00 00 00 98 9d e7 98 00 00 00 00
00 00 00 00 00 00 00 00 00 00 00 00 00 00 00 00
Checksum:
  4180..41ff: 00 00 00 00
AnimeMaker:
  D0: ( 48, 27)
  07: ( 49, 27)
  08: ( 50, 27)
  24: ( 78, 27)
  07: ( 79, 27)
  98: (136, 27)
  9D: (137, 27)
  E7: (138, 27)
  98: (139, 27)
----
Hex:
00 00 00 00 00 00 00 00 00 00 00 00 00 00 00 00
d0 07 08 00 00 00 00 00 00 00 00 00 00 00 00 00
00 00 00 00 00 00 00 00 00 00 00 00 00 00 24 07
00 00 00 00 00 00 00 00 00 00 00 00 00 00 00 00
00 00 00 00 00 00 00 00 00 00 00 00 00 00 00 00
00 00 00 00 00 00 00 00 00 00 00 00 00 00 00 00
00 00 00 00 00 00 00 00 00 9e f2 4e 26 00 00 00
00 00 00 00 00 00 00 00 00 00 00 00 00 00 00 00
Checksum:
  4180..41ff: 00 00 00 00
AnimeMaker:
  D0: ( 48, 27)
  07: ( 49, 27)
  08: ( 50, 27)
  24: ( 78, 27)
  07: ( 79, 27)
  9E: (137, 27)
  F2: (138, 27)
  4E: (139, 27)
  26: (140, 27)
----
Hex:
00 00 00 00 00 00 00 00 00 00 00 00 00 00 00 00
d0 07 08 00 00 00 00 00 00 00 00 00 00 00 00 00
00 00 00 00 00 00 00 00 00 00 00 00 00 00 24 07
00 00 00 00 00 00 00 00 00 00 00 00 00 00 00 00
00 00 00 00 00 00 00 00 00 00 00 00 00 00 00 00
00 00 00 00 00 00 00 00 00 00 00 00 00 00 00 00
00 00 00 00 00 00 00 00 00 00 eb dd bd 94 00 00
00 00 00 00 00 00 00 00 00 00 00 00 00 00 00 00
Checksum:
  4180..41ff: 00 00 00 00
AnimeMaker:
  D0: ( 48, 27)
  07: ( 49, 27)
  08: ( 50, 27)
  24: ( 78, 27)
  07: ( 79, 27)
  EB: (138, 27)
  DD: (139, 27)
  BD: (140, 27)
  94: (141, 27)
----
Hex:
00 00 00 00 00 00 00 00 00 00 00 00 00 00 00 00
d0 07 08 00 00 00 00 00 00 00 00 00 00 00 00 00
00 00 00 00 00 00 00 00 00 00 00 00 00 00 24 07
00 00 00 00 00 00 00 00 00 00 00 00 00 00 00 00
00 00 00 00 00 00 00 00 00 00 00 00 00 00 00 00
00 00 00 00 00 00 00 00 00 00 00 00 00 00 00 00
00 00 00 00 00 00 00 00 00 00 00 33 5f 79 18 00
00 00 00 00 00 00 00 00 00 00 00 00 00 00 00 00
Checksum:
  4180..41ff: 00 00 00 00
AnimeMaker:
  D0: ( 48, 27)
  07: ( 49, 27)
  08: ( 50, 27)
  24: ( 78, 27)
  07: ( 79, 27)
  33: (139, 27)
  5F: (140, 27)
  79: (141, 27)
  18: (142, 27)
----
Hex:
00 00 00 00 00 00 00 00 00 00 00 00 00 00 00 00
d0 07 08 00 00 00 00 00 00 00 00 00 00 00 00 00
00 00 00 00 00 00 00 00 00 00 00 00 00 00 24 07
00 00 00 00 00 00 00 00 00 00 00 00 00 00 00 00
00 00 00 00 00 00 00 00 00 00 00 00 00 00 00 00
00 00 00 00 00 00 00 00 00 00 00 00 00 00 00 00
00 00 00 00 00 00 00 00 00 00 00 00 86 08 53 49
00 00 00 00 00 00 00 00 00 00 00 00 00 00 00 00
Checksum:
  4180..41ff: 00 00 00 00
AnimeMaker:
  D0: ( 48, 27)
  07: ( 49, 27)
  08: ( 50, 27)
  24: ( 78, 27)
  07: ( 79, 27)
  86: (140, 27)
  08: (141, 27)
  53: (142, 27)
  49: (143, 27)
----
Hex:
00 00 00 00 00 00 00 00 00 00 00 00 00 00 00 00
d0 07 08 00 00 00 00 00 00 00 00 00 00 00 00 00
00 00 00 00 00 00 00 00 00 00 00 00 00 00 24 07
00 00 00 00 00 00 00 00 00 00 00 00 00 00 00 00
00 00 00 00 00 00 00 00 00 00 00 00 00 00 00 00
00 00 00 00 00 00 00 00 00 00 00 00 00 00 00 00
00 00 00 00 00 00 00 00 00 00 00 00 00 7b d9 e4
5c 00 00 00 00 00 00 00 00 00 00 00 00 00 00 00
Checksum:
  4180..41ff: 00 00 00 00
AnimeMaker:
  D0: ( 48, 27)
  07: ( 49, 27)
  08: ( 50, 27)
  24: ( 78, 27)
  07: ( 79, 27)
  7B: (141, 27)
  D9: (142, 27)
  E4: (143, 27)
  5C: (144, 27)
----
Hex:
00 00 00 00 00 00 00 00 00 00 00 00 00 00 00 00
d0 07 08 00 00 00 00 00 00 00 00 00 00 00 00 00
00 00 00 00 00 00 00 00 00 00 00 00 00 00 24 07
00 00 00 00 00 00 00 00 00 00 00 00 00 00 00 00
00 00 00 00 00 00 00 00 00 00 00 00 00 00 00 00
00 00 00 00 00 00 00 00 00 00 00 00 00 00 00 00
00 00 00 00 00 00 00 00 00 00 00 00 00 00 12 1b
8a 86 00 00 00 00 00 00 00 00 00 00 00 00 00 00
Checksum:
  4180..41ff: 00 00 00 00
c:/salon/game/research/a.rb:181:in `+': no implicit conversion of nil into String (TypeError)
	from c:/salon/game/research/a.rb:181:in `block in <main>'
	from c:/salon/game/research/a.rb:173:in `times'
	from c:/salon/game/research/a.rb:173:in `<main>'
AnimeMaker:
  D0: ( 48, 27)
  07: ( 49, 27)
  08: ( 50, 27)
  24: ( 78, 27)
  07: ( 79, 27)
  12: (142, 27)
  1B: (143, 27)
  8A: (144, 27)
  86: (145, 27)
----
Hex:
00 00 00 00 00 00 00 00 00 00 00 00 00 00 00 00
d0 07 08 00 00 00 00 00 00 00 00 00 00 00 00 00
00 00 00 00 00 00 00 00 00 00 00 00 00 00 24 07
00 00 00 00 00 00 00 00 00 00 00 00 00 00 00 00
00 00 00 00 00 00 00 00 00 00 00 00 00 00 00 00
00 00 00 00 00 00 00 00 00 00 00 00 00 00 00 00
00 00 00 00 00 00 00 00 00 00 00 00 00 00 00 5e
19 66 1e 00 00 00 00 00 00 00 00 00 00 00 00 00
Checksum:
  4180..41ff: 00 00 00 00
AnimeMaker:
  D0: ( 48, 27)
  07: ( 49, 27)
  08: ( 50, 27)
  24: ( 78, 27)
  07: ( 79, 27)
  5E: (143, 27)
  19: (144, 27)
  66: (145, 27)
  1E: (146, 27)
----
Hex:
00 00 00 00 00 00 00 00 00 00 00 00 00 00 00 00
d0 07 08 00 00 00 00 00 00 00 00 00 00 00 00 00
00 00 00 00 00 00 00 00 00 00 00 00 00 00 24 07
00 00 00 00 00 00 00 00 00 00 00 00 00 00 00 00
00 00 00 00 00 00 00 00 00 00 00 00 00 00 00 00
00 00 00 00 00 00 00 00 00 00 00 00 00 00 00 00
00 00 00 00 00 00 00 00 00 00 00 00 00 00 00 00
5d 7f 15 0d 00 00 00 00 00 00 00 00 00 00 00 00
Checksum:
  4180..41ff: 00 00 00 00
AnimeMaker:
  D0: ( 48, 27)
  07: ( 49, 27)
  08: ( 50, 27)
  24: ( 78, 27)
  07: ( 79, 27)
  5D: (144, 27)
  7F: (145, 27)
  15: (146, 27)
  0D: (147, 27)
----
Hex:
00 00 00 00 00 00 00 00 00 00 00 00 00 00 00 00
d0 07 08 00 00 00 00 00 00 00 00 00 00 00 00 00
00 00 00 00 00 00 00 00 00 00 00 00 00 00 24 07
00 00 00 00 00 00 00 00 00 00 00 00 00 00 00 00
00 00 00 00 00 00 00 00 00 00 00 00 00 00 00 00
00 00 00 00 00 00 00 00 00 00 00 00 00 00 00 00
00 00 00 00 00 00 00 00 00 00 00 00 00 00 00 00
00 36 4f 20 d4 00 00 00 00 00 00 00 00 00 00 00
Checksum:
  4180..41ff: 00 00 00 00
AnimeMaker:
  D0: ( 48, 27)
  07: ( 49, 27)
  08: ( 50, 27)
  24: ( 78, 27)
  07: ( 79, 27)
  36: (145, 27)
  4F: (146, 27)
  20: (147, 27)
  D4: (148, 27)
----
Hex:
00 00 00 00 00 00 00 00 00 00 00 00 00 00 00 00
d0 07 08 00 00 00 00 00 00 00 00 00 00 00 00 00
00 00 00 00 00 00 00 00 00 00 00 00 00 00 24 07
00 00 00 00 00 00 00 00 00 00 00 00 00 00 00 00
00 00 00 00 00 00 00 00 00 00 00 00 00 00 00 00
00 00 00 00 00 00 00 00 00 00 00 00 00 00 00 00
00 00 00 00 00 00 00 00 00 00 00 00 00 00 00 00
00 00 81 94 f4 22 00 00 00 00 00 00 00 00 00 00
Checksum:
  4180..41ff: 00 00 00 00
AnimeMaker:
  D0: ( 48, 27)
  07: ( 49, 27)
  08: ( 50, 27)
  24: ( 78, 27)
  07: ( 79, 27)
  81: (146, 27)
  94: (147, 27)
  F4: (148, 27)
  22: (149, 27)
----
Hex:
00 00 00 00 00 00 00 00 00 00 00 00 00 00 00 00
d0 07 08 00 00 00 00 00 00 00 00 00 00 00 00 00
00 00 00 00 00 00 00 00 00 00 00 00 00 00 24 07
00 00 00 00 00 00 00 00 00 00 00 00 00 00 00 00
00 00 00 00 00 00 00 00 00 00 00 00 00 00 00 00
00 00 00 00 00 00 00 00 00 00 00 00 00 00 00 00
00 00 00 00 00 00 00 00 00 00 00 00 00 00 00 00
00 00 00 f9 39 df 59 00 00 00 00 00 00 00 00 00
Checksum:
  4180..41ff: 00 00 00 00
AnimeMaker:
  D0: ( 48, 27)
  07: ( 49, 27)
  08: ( 50, 27)
  24: ( 78, 27)
  07: ( 79, 27)
  F9: (147, 27)
  39: (148, 27)
  DF: (149, 27)
  59: (150, 27)
----
Hex:
00 00 00 00 00 00 00 00 00 00 00 00 00 00 00 00
d0 07 08 00 00 00 00 00 00 00 00 00 00 00 00 00
00 00 00 00 00 00 00 00 00 00 00 00 00 00 24 07
00 00 00 00 00 00 00 00 00 00 00 00 00 00 00 00
00 00 00 00 00 00 00 00 00 00 00 00 00 00 00 00
00 00 00 00 00 00 00 00 00 00 00 00 00 00 00 00
00 00 00 00 00 00 00 00 00 00 00 00 00 00 00 00
00 00 00 00 92 ae 54 06 00 00 00 00 00 00 00 00
Checksum:
  4180..41ff: 00 00 00 00
AnimeMaker:
  D0: ( 48, 27)
  07: ( 49, 27)
  08: ( 50, 27)
  24: ( 78, 27)
  07: ( 79, 27)
  92: (148, 27)
  AE: (149, 27)
  54: (150, 27)
  06: (151, 27)
----
Hex:
00 00 00 00 00 00 00 00 00 00 00 00 00 00 00 00
d0 07 08 00 00 00 00 00 00 00 00 00 00 00 00 00
00 00 00 00 00 00 00 00 00 00 00 00 00 00 24 07
00 00 00 00 00 00 00 00 00 00 00 00 00 00 00 00
00 00 00 00 00 00 00 00 00 00 00 00 00 00 00 00
00 00 00 00 00 00 00 00 00 00 00 00 00 00 00 00
00 00 00 00 00 00 00 00 00 00 00 00 00 00 00 00
00 00 00 00 00 82 cb 06 f0 00 00 00 00 00 00 00
Checksum:
  4180..41ff: 00 00 00 00
AnimeMaker:
  D0: ( 48, 27)
  07: ( 49, 27)
  08: ( 50, 27)
  24: ( 78, 27)
  07: ( 79, 27)
  82: (149, 27)
  CB: (150, 27)
  06: (151, 27)
  F0: (152, 27)
----
Hex:
00 00 00 00 00 00 00 00 00 00 00 00 00 00 00 00
d0 07 08 00 00 00 00 00 00 00 00 00 00 00 00 00
00 00 00 00 00 00 00 00 00 00 00 00 00 00 24 07
00 00 00 00 00 00 00 00 00 00 00 00 00 00 00 00
00 00 00 00 00 00 00 00 00 00 00 00 00 00 00 00
00 00 00 00 00 00 00 00 00 00 00 00 00 00 00 00
00 00 00 00 00 00 00 00 00 00 00 00 00 00 00 00
00 00 00 00 00 00 ab 88 2b 80 00 00 00 00 00 00
Checksum:
  4180..41ff: 00 00 00 00
AnimeMaker:
  D0: ( 48, 27)
  07: ( 49, 27)
  08: ( 50, 27)
  24: ( 78, 27)
  07: ( 79, 27)
  AB: (150, 27)
  88: (151, 27)
  2B: (152, 27)
  80: (153, 27)
----
Hex:
00 00 00 00 00 00 00 00 00 00 00 00 00 00 00 00
d0 07 08 00 00 00 00 00 00 00 00 00 00 00 00 00
00 00 00 00 00 00 00 00 00 00 00 00 00 00 24 07
00 00 00 00 00 00 00 00 00 00 00 00 00 00 00 00
00 00 00 00 00 00 00 00 00 00 00 00 00 00 00 00
00 00 00 00 00 00 00 00 00 00 00 00 00 00 00 00
00 00 00 00 00 00 00 00 00 00 00 00 00 00 00 00
00 00 00 00 00 00 00 52 4f 1d 6f 00 00 00 00 00
Checksum:
  4180..41ff: 00 00 00 00
AnimeMaker:
  D0: ( 48, 27)
  07: ( 49, 27)
  08: ( 50, 27)
  24: ( 78, 27)
  07: ( 79, 27)
  52: (151, 27)
  4F: (152, 27)
  1D: (153, 27)
  6F: (154, 27)
----
Hex:
00 00 00 00 00 00 00 00 00 00 00 00 00 00 00 00
d0 07 08 00 00 00 00 00 00 00 00 00 00 00 00 00
00 00 00 00 00 00 00 00 00 00 00 00 00 00 24 07
00 00 00 00 00 00 00 00 00 00 00 00 00 00 00 00
00 00 00 00 00 00 00 00 00 00 00 00 00 00 00 00
00 00 00 00 00 00 00 00 00 00 00 00 00 00 00 00
00 00 00 00 00 00 00 00 00 00 00 00 00 00 00 00
00 00 00 00 00 00 00 00 3e 08 ff 69 00 00 00 00
Checksum:
  4180..41ff: 00 00 00 00
AnimeMaker:
  D0: ( 48, 27)
  07: ( 49, 27)
  08: ( 50, 27)
  24: ( 78, 27)
  07: ( 79, 27)
  3E: (152, 27)
  08: (153, 27)
  FF: (154, 27)
  69: (155, 27)
