----
Block of 7:
  7
Count:
  24
Hex:
00 00 00 00 00 00 00 00 00 00 00 00 00 00 07 00
d0 07 08 00 00 00 07 07 07 07 07 07 07 07 07 07
00 00 00 00 00 00 00 00 00 07 07 00 07 07 24 07
07 00 00 00 07 07 07 00 00 00 00 00 00 00 00 00
00 00 00 00 00 00 00 00 00 00 00 00 00 00 00 00
00 00 00 00 00 00 00 00 00 00 00 00 00 00 00 00
00 00 00 00 00 00 00 00 00 00 00 00 00 00 00 00
00 00 00 00 00 00 00 00 00 00 00 00
----
Block of 7:
  8
Count:
  18
Hex:
00 00 00 00 00 00 00 00 07 00 00 00 00 00 00 00
d0 07 08 00 00 00 00 00 07 07 00 07 00 00 00 00
00 00 07 07 07 07 00 07 00 00 00 00 07 07 24 07
07 07 00 00 00 00 00 00 00 00 00 00 00 00 00 00
00 00 00 00 00 00 00 00 00 00 00 00 00 00 00 00
00 00 00 00 00 00 00 00 00 00 00 00 00 00 00 00
00 00 00 00 00 00 00 00 00 00 00 00 00 00 00 00
00 00 00 00 00 00 00 00 00 00 00 00
----
Block of 7:
  8
Count:
  21
Hex:
00 00 00 00 00 00 00 00 07 07 00 00 00 00 00 00
d0 07 08 00 00 07 00 00 00 00 00 00 00 00 00 00
00 00 00 07 07 07 07 07 07 00 00 07 07 00 24 07
07 00 00 00 07 00 07 07 07 00 00 00 00 00 00 00
00 00 00 00 00 00 00 00 00 00 00 00 00 00 00 00
00 00 00 00 00 00 00 00 00 00 00 00 00 00 00 00
00 00 00 00 00 00 00 00 00 00 00 00 00 00 00 00
00 00 00 00 00 00 00 00 00 00 00 00
----
Block of 7:
  8
Count:
  26
Hex:
00 00 00 00 00 00 00 00 00 00 00 00 00 00 07 07
d0 07 08 00 00 07 00 07 00 00 07 07 00 07 07 07
07 00 00 07 07 07 07 07 07 07 07 00 00 00 24 07
07 07 07 00 00 00 00 00 00 00 00 00 00 00 00 00
00 00 00 00 00 00 00 00 00 00 00 00 00 00 00 00
00 00 00 00 00 00 00 00 00 00 00 00 00 00 00 00
00 00 00 00 00 00 00 00 00 00 00 00 00 00 00 00
00 00 00 00 00 00 00 00 00 00 00 00
----
Block of 7:
  8
Count:
  26
Hex:
00 00 00 00 00 00 00 00 07 07 07 07 07 07 07 07
d0 07 08 00 00 00 00 00 00 00 00 07 07 07 00 00
00 00 00 00 07 07 07 00 07 07 07 07 00 00 24 07
07 00 00 07 00 00 00 07 00 00 00 00 00 00 00 00
00 00 00 00 00 00 00 00 00 00 00 00 00 00 00 00
00 00 00 00 00 00 00 00 00 00 00 00 00 00 00 00
00 00 00 00 00 00 00 00 00 00 00 00 00 00 00 00
00 00 00 00 00 00 00 00 00 00 00 00
----
Block of 7:
  8
Count:
  30
Hex:
00 00 00 00 00 00 00 00 00 00 00 07 07 07 07 07
d0 07 08 00 00 00 00 00 00 07 07 07 07 07 00 07
00 00 00 00 00 07 07 07 07 07 07 07 07 07 24 07
07 00 07 07 07 00 00 00 07 00 00 00 00 00 00 00
00 00 00 00 00 00 00 00 00 00 00 00 00 00 00 00
00 00 00 00 00 00 00 00 00 00 00 00 00 00 00 00
00 00 00 00 00 00 00 00 00 00 00 00 00 00 00 00
00 00 00 00 00 00 00 00 00 00 00 00
----
Block of 7:
  8
Count:
  32
Hex:
00 00 00 00 00 00 00 07 07 07 07 07 07 07 07 00
d0 07 08 00 07 07 07 07 07 07 07 07 00 07 07 07
07 00 00 00 00 00 00 00 00 00 07 00 00 00 24 07
00 07 07 07 00 07 07 07 00 00 00 00 00 00 00 00
00 00 00 00 00 00 00 00 00 00 00 00 00 00 00 00
00 00 00 00 00 00 00 00 00 00 00 00 00 00 00 00
00 00 00 00 00 00 00 00 00 00 00 00 00 00 00 00
00 00 00 00 00 00 00 00 00 00 00 00
----
Block of 7:
  9
Count:
  17
Hex:
00 00 00 00 00 00 00 00 00 00 00 07 00 00 07 07
d0 07 08 00 00 00 00 00 00 00 07 07 00 00 00 00
00 00 00 00 07 00 07 07 00 00 00 07 00 00 24 07
07 00 00 07 07 00 00 00 00 00 00 00 00 00 00 00
00 00 00 00 00 00 00 00 00 00 00 00 00 00 00 00
00 00 00 00 00 00 00 00 00 00 00 00 00 00 00 00
00 00 00 00 00 00 00 00 00 00 00 00 00 00 00 00
00 00 00 00 00 00 00 00 00 00 00 00
----
Block of 7:
  9
Count:
  18
Hex:
00 00 00 00 00 00 00 00 07 07 07 07 00 00 00 00
d0 07 08 00 07 00 00 00 07 00 00 00 00 07 07 07
07 00 00 00 00 00 00 07 00 00 07 00 00 00 24 07
00 00 00 00 00 00 00 07 00 00 00 00 00 00 00 00
00 00 00 00 00 00 00 00 00 00 00 00 00 00 00 00
00 00 00 00 00 00 00 00 00 00 00 00 00 00 00 00
00 00 00 00 00 00 00 00 00 00 00 00 00 00 00 00
00 00 00 00 00 00 00 00 00 00 00 00
----
Block of 7:
  9
Count:
  19
Hex:
00 00 00 00 00 00 00 00 00 00 00 00 00 00 07 00
d0 07 08 00 00 00 00 00 00 07 07 07 00 00 00 00
00 00 07 00 00 00 07 07 07 07 00 00 00 07 24 07
07 00 00 00 07 07 00 00 07 00 00 00 00 00 00 00
00 00 00 00 00 00 00 00 00 00 00 00 00 00 00 00
00 00 00 00 00 00 00 00 00 00 00 00 00 00 00 00
00 00 00 00 00 00 00 00 00 00 00 00 00 00 00 00
00 00 00 00 00 00 00 00 00 00 00 00
----
Block of 7:
  9
Count:
  20
Hex:
00 00 00 00 00 00 00 07 07 07 07 00 00 07 00 00
d0 07 08 00 07 07 00 00 07 07 00 00 00 00 00 00
00 00 07 00 07 00 00 00 00 07 00 00 00 00 24 07
07 07 07 00 00 00 00 00 00 00 00 00 00 00 00 00
00 00 00 00 00 00 00 00 00 00 00 00 00 00 00 00
00 00 00 00 00 00 00 00 00 00 00 00 00 00 00 00
00 00 00 00 00 00 00 00 00 00 00 00 00 00 00 00
00 00 00 00 00 00 00 00 00 00 00 00
----
Block of 7:
  9
Count:
  21
Hex:
00 00 00 00 00 00 00 00 00 07 00 00 00 00 07 00
d0 07 08 00 00 00 07 07 07 00 07 07 07 07 07 00
00 07 00 00 00 07 07 00 00 00 00 00 00 00 24 07
07 07 00 00 00 00 07 00 00 00 00 00 00 00 00 00
00 00 00 00 00 00 00 00 00 00 00 00 00 00 00 00
00 00 00 00 00 00 00 00 00 00 00 00 00 00 00 00
00 00 00 00 00 00 00 00 00 00 00 00 00 00 00 00
00 00 00 00 00 00 00 00 00 00 00 00
----
Block of 7:
  9
Count:
  21
Hex:
00 00 00 00 00 00 00 00 00 07 07 07 00 07 07 07
d0 07 08 00 00 07 00 07 00 00 00 00 00 00 07 07
00 00 00 00 07 07 07 07 00 00 00 00 00 00 24 07
00 00 07 07 00 00 00 00 00 00 00 00 00 00 00 00
00 00 00 00 00 00 00 00 00 00 00 00 00 00 00 00
00 00 00 00 00 00 00 00 00 00 00 00 00 00 00 00
00 00 00 00 00 00 00 00 00 00 00 00 00 00 00 00
00 00 00 00 00 00 00 00 00 00 00 00
----
Block of 7:
  9
Count:
  22
Hex:
00 00 00 00 00 00 00 00 00 00 00 00 00 00 00 07
d0 07 08 00 07 07 00 00 00 00 07 07 00 07 07 07
07 07 00 00 00 07 00 00 00 00 00 00 00 00 24 07
00 00 07 07 07 00 07 07 07 00 00 00 00 00 00 00
00 00 00 00 00 00 00 00 00 00 00 00 00 00 00 00
00 00 00 00 00 00 00 00 00 00 00 00 00 00 00 00
00 00 00 00 00 00 00 00 00 00 00 00 00 00 00 00
00 00 00 00 00 00 00 00 00 00 00 00
----
Block of 7:
  9
Count:
  22
Hex:
00 00 00 00 00 00 00 00 00 00 00 07 07 00 00 07
d0 07 08 00 00 07 07 00 00 00 00 00 00 00 00 00
00 00 07 07 00 07 07 07 07 00 00 00 00 00 24 07
00 07 07 07 00 07 07 07 00 00 00 00 00 00 00 00
00 00 00 00 00 00 00 00 00 00 00 00 00 00 00 00
00 00 00 00 00 00 00 00 00 00 00 00 00 00 00 00
00 00 00 00 00 00 00 00 00 00 00 00 00 00 00 00
00 00 00 00 00 00 00 00 00 00 00 00
----
Block of 7:
  9
Count:
  22
Hex:
00 00 00 00 00 00 00 00 00 07 00 00 00 00 00 00
d0 07 08 00 00 00 00 00 00 00 00 07 00 00 07 07
07 07 07 07 00 07 07 07 07 00 07 07 07 00 24 07
00 00 00 07 00 07 00 00 00 00 00 00 00 00 00 00
00 00 00 00 00 00 00 00 00 00 00 00 00 00 00 00
00 00 00 00 00 00 00 00 00 00 00 00 00 00 00 00
00 00 00 00 00 00 00 00 00 00 00 00 00 00 00 00
00 00 00 00 00 00 00 00 00 00 00 00
----
Block of 7:
  9
Count:
  22
Hex:
00 00 00 00 00 00 00 00 00 07 00 00 00 00 00 00
d0 07 08 00 00 00 00 00 00 00 00 07 00 00 07 07
07 07 07 07 00 07 07 07 07 00 07 07 07 00 24 07
00 00 00 07 00 07 00 00 00 00 00 00 00 00 00 00
00 00 00 00 00 00 00 00 00 00 00 00 00 00 00 00
00 00 00 00 00 00 00 00 00 00 00 00 00 00 00 00
00 00 00 00 00 00 00 00 00 00 00 00 00 00 00 00
00 00 00 00 00 00 00 00 00 00 00 00

[Done] exited with code=null in 782.345 seconds

----
Block of 7:
  9
Count:
  22
Hex:
00 00 00 00 00 00 00 00 00 07 07 00 00 00 00 00
d0 07 08 00 00 07 00 00 00 00 07 00 00 00 00 00
00 07 00 07 00 00 00 00 07 07 07 07 07 00 24 07
07 07 07 00 07 07 07 00 00 00 00 00 00 00 00 00
00 00 00 00 00 00 00 00 00 00 00 00 00 00 00 00
00 00 00 00 00 00 00 00 00 00 00 00 00 00 00 00
00 00 00 00 00 00 00 00 00 00 00 00 00 00 00 00
00 00 00 00 00 00 00 00 00 00 00 00
----
Block of 7:
  9
Count:
  22
Hex:
00 00 00 00 00 00 00 00 07 00 00 00 00 07 07 00
d0 07 08 00 07 07 07 07 07 00 00 00 07 07 07 07
07 07 00 00 00 07 00 00 07 00 00 00 00 00 24 07
00 00 00 00 00 00 00 00 07 00 00 00 00 00 00 00
00 00 00 00 00 00 00 00 00 00 00 00 00 00 00 00
00 00 00 00 00 00 00 00 00 00 00 00 00 00 00 00
00 00 00 00 00 00 00 00 00 00 00 00 00 00 00 00
00 00 00 00 00 00 00 00 00 00 00 00
----
Block of 7:
  9
Count:
  22
Hex:
00 00 00 00 00 00 00 07 07 07 00 00 00 00 00 00
d0 07 08 00 00 00 07 07 00 00 00 07 07 07 07 07
07 00 00 00 00 00 00 00 00 07 07 00 00 07 24 07
00 00 00 00 07 00 00 07 07 00 00 00 00 00 00 00
00 00 00 00 00 00 00 00 00 00 00 00 00 00 00 00
00 00 00 00 00 00 00 00 00 00 00 00 00 00 00 00
00 00 00 00 00 00 00 00 00 00 00 00 00 00 00 00
00 00 00 00 00 00 00 00 00 00 00 00
----
Block of 7:
  9
Count:
  22
Hex:
00 00 00 00 00 00 00 07 07 07 07 00 07 00 00 00
d0 07 08 00 07 07 07 07 00 00 00 00 00 00 07 00
00 00 00 00 00 07 07 07 00 00 00 00 00 07 24 07
07 07 00 00 00 00 07 00 00 00 00 00 00 00 00 00
00 00 00 00 00 00 00 00 00 00 00 00 00 00 00 00
00 00 00 00 00 00 00 00 00 00 00 00 00 00 00 00
00 00 00 00 00 00 00 00 00 00 00 00 00 00 00 00
00 00 00 00 00 00 00 00 00 00 00 00
----
Block of 7:
  9
Count:
  23
Hex:
00 00 00 00 00 00 00 00 00 00 07 00 07 07 00 00
d0 07 08 00 07 07 07 00 07 00 00 00 00 00 00 07
07 07 07 07 00 00 00 00 00 00 07 00 00 00 24 07
07 00 00 00 07 07 07 07 00 00 00 00 00 00 00 00
00 00 00 00 00 00 00 00 00 00 00 00 00 00 00 00
00 00 00 00 00 00 00 00 00 00 00 00 00 00 00 00
00 00 00 00 00 00 00 00 00 00 00 00 00 00 00 00
00 00 00 00 00 00 00 00 00 00 00 00
----
Block of 7:
  9
Count:
  23
Hex:
00 00 00 00 00 00 00 00 00 00 07 07 07 07 00 00
d0 07 08 00 07 07 00 00 07 00 00 07 07 00 00 00
00 00 07 00 00 00 07 07 07 00 00 00 00 00 24 07
07 07 07 07 00 00 07 00 00 00 00 00 00 00 00 00
00 00 00 00 00 00 00 00 00 00 00 00 00 00 00 00
00 00 00 00 00 00 00 00 00 00 00 00 00 00 00 00
00 00 00 00 00 00 00 00 00 00 00 00 00 00 00 00
00 00 00 00 00 00 00 00 00 00 00 00
----
Block of 7:
  9
Count:
  23
Hex:
00 00 00 00 00 00 00 00 00 00 07 07 07 07 07 07
d0 07 08 00 00 07 07 07 07 07 00 00 00 00 00 07
07 00 00 00 00 00 07 07 00 00 00 07 00 07 24 07
00 07 00 00 00 00 00 00 00 00 00 00 00 00 00 00
00 00 00 00 00 00 00 00 00 00 00 00 00 00 00 00
00 00 00 00 00 00 00 00 00 00 00 00 00 00 00 00
00 00 00 00 00 00 00 00 00 00 00 00 00 00 00 00
00 00 00 00 00 00 00 00 00 00 00 00
----
Block of 7:
  9
Count:
  24
Hex:
00 00 00 00 00 00 00 00 00 00 07 07 07 07 00 00
d0 07 08 00 07 07 07 07 00 00 00 07 00 07 07 07
00 00 00 00 00 00 00 00 00 00 07 00 07 00 24 07
07 07 07 07 00 00 00 00 07 00 00 00 00 00 00 00
00 00 00 00 00 00 00 00 00 00 00 00 00 00 00 00
00 00 00 00 00 00 00 00 00 00 00 00 00 00 00 00
00 00 00 00 00 00 00 00 00 00 00 00 00 00 00 00
00 00 00 00 00 00 00 00 00 00 00 00
----
Block of 7:
  9
Count:
  24
Hex:
00 00 00 00 00 00 00 00 07 07 00 00 00 00 00 00
d0 07 08 00 00 07 07 07 07 00 00 00 07 07 07 07
00 00 07 07 07 07 00 00 00 00 07 07 00 00 24 07
07 00 00 00 07 00 00 07 00 00 00 00 00 00 00 00
00 00 00 00 00 00 00 00 00 00 00 00 00 00 00 00
00 00 00 00 00 00 00 00 00 00 00 00 00 00 00 00
00 00 00 00 00 00 00 00 00 00 00 00 00 00 00 00
00 00 00 00 00 00 00 00 00 00 00 00
----
Block of 7:
  9
Count:
  24
Hex:
00 00 00 00 00 00 00 00 07 07 00 00 00 07 00 07
d0 07 08 00 00 07 07 07 00 00 00 07 07 00 00 00
00 00 00 00 00 00 00 07 07 07 00 07 00 00 24 07
07 07 07 07 07 07 00 00 00 00 00 00 00 00 00 00
00 00 00 00 00 00 00 00 00 00 00 00 00 00 00 00
00 00 00 00 00 00 00 00 00 00 00 00 00 00 00 00
00 00 00 00 00 00 00 00 00 00 00 00 00 00 00 00
00 00 00 00 00 00 00 00 00 00 00 00
----
Block of 7:
  9
Count:
  25
Hex:
00 00 00 00 00 00 00 00 00 00 00 07 00 07 07 00
d0 07 08 00 07 00 00 07 07 00 00 00 00 07 00 07
07 07 07 07 07 07 07 07 00 00 00 00 00 00 24 07
07 07 07 00 00 00 07 00 00 00 00 00 00 00 00 00
00 00 00 00 00 00 00 00 00 00 00 00 00 00 00 00
00 00 00 00 00 00 00 00 00 00 00 00 00 00 00 00
00 00 00 00 00 00 00 00 00 00 00 00 00 00 00 00
00 00 00 00 00 00 00 00 00 00 00 00
----
Block of 7:
  9
Count:
  25
Hex:
00 00 00 00 00 00 00 00 00 00 00 07 07 07 00 00
d0 07 08 00 07 07 00 00 00 00 07 07 07 00 07 00
07 07 07 00 00 00 00 00 00 00 07 07 07 00 24 07
00 00 00 00 07 07 07 07 07 00 00 00 00 00 00 00
00 00 00 00 00 00 00 00 00 00 00 00 00 00 00 00
00 00 00 00 00 00 00 00 00 00 00 00 00 00 00 00
00 00 00 00 00 00 00 00 00 00 00 00 00 00 00 00
00 00 00 00 00 00 00 00 00 00 00 00
----
Block of 7:
  9
Count:
  25
Hex:
00 00 00 00 00 00 00 00 00 00 07 07 07 00 00 07
d0 07 08 00 07 07 00 00 00 00 00 00 07 07 07 07
00 00 00 07 07 07 07 00 00 07 07 00 00 00 24 07
07 00 00 00 00 07 07 07 00 00 00 00 00 00 00 00
00 00 00 00 00 00 00 00 00 00 00 00 00 00 00 00
00 00 00 00 00 00 00 00 00 00 00 00 00 00 00 00
00 00 00 00 00 00 00 00 00 00 00 00 00 00 00 00
00 00 00 00 00 00 00 00 00 00 00 00
----
Block of 7:
  9
Count:
  25
Hex:
00 00 00 00 00 00 00 00 07 07 07 07 00 00 00 00
d0 07 08 00 07 07 07 07 07 00 00 07 07 00 00 07
07 07 00 00 00 07 07 00 00 07 07 07 00 00 24 07
00 00 00 00 00 07 00 00 00 00 00 00 00 00 00 00
00 00 00 00 00 00 00 00 00 00 00 00 00 00 00 00
00 00 00 00 00 00 00 00 00 00 00 00 00 00 00 00
00 00 00 00 00 00 00 00 00 00 00 00 00 00 00 00
00 00 00 00 00 00 00 00 00 00 00 00
----
Block of 7:
  9
Count:
  25
Hex:
00 00 00 00 00 00 00 07 07 00 00 07 07 00 00 00
d0 07 08 00 00 00 00 00 00 07 00 00 07 00 07 07
07 07 07 07 07 07 00 00 00 07 07 07 07 00 24 07
00 00 00 00 00 07 07 00 00 00 00 00 00 00 00 00
00 00 00 00 00 00 00 00 00 00 00 00 00 00 00 00
00 00 00 00 00 00 00 00 00 00 00 00 00 00 00 00
00 00 00 00 00 00 00 00 00 00 00 00 00 00 00 00
00 00 00 00 00 00 00 00 00 00 00 00
----
Block of 7:
  9
Count:
  25
Hex:
00 00 00 00 00 00 00 07 07 00 07 00 00 00 00 00
d0 07 08 00 00 00 07 07 07 07 07 07 07 07 00 00
00 00 00 00 00 07 00 07 07 00 07 07 00 00 24 07
07 00 07 07 07 00 00 00 00 00 00 00 00 00 00 00
00 00 00 00 00 00 00 00 00 00 00 00 00 00 00 00
00 00 00 00 00 00 00 00 00 00 00 00 00 00 00 00
00 00 00 00 00 00 00 00 00 00 00 00 00 00 00 00
00 00 00 00 00 00 00 00 00 00 00 00
----
Block of 7:
  9
Count:
  26
Hex:
00 00 00 00 00 00 00 00 00 00 00 00 07 07 00 00
d0 07 08 00 00 00 00 00 00 00 00 07 07 07 07 07
07 00 07 07 07 07 00 07 00 00 07 07 07 00 24 07
00 07 07 07 07 00 00 00 07 00 00 00 00 00 00 00
00 00 00 00 00 00 00 00 00 00 00 00 00 00 00 00
00 00 00 00 00 00 00 00 00 00 00 00 00 00 00 00
00 00 00 00 00 00 00 00 00 00 00 00 00 00 00 00
00 00 00 00 00 00 00 00 00 00 00 00
----
Block of 7:
  9
Count:
  26
Hex:
00 00 00 00 00 00 00 00 00 07 07 07 07 07 07 07
d0 07 08 00 00 07 07 07 07 00 00 00 00 00 00 00
07 07 00 00 00 07 00 07 00 07 07 07 07 00 24 07
00 00 00 00 07 07 00 00 00 00 00 00 00 00 00 00
00 00 00 00 00 00 00 00 00 00 00 00 00 00 00 00
00 00 00 00 00 00 00 00 00 00 00 00 00 00 00 00
00 00 00 00 00 00 00 00 00 00 00 00 00 00 00 00
00 00 00 00 00 00 00 00 00 00 00 00
----
Block of 7:
  9
Count:
  27
Hex:
00 00 00 00 00 00 00 00 00 00 00 00 00 07 07 07
d0 07 08 00 00 00 00 00 07 07 07 00 00 07 07 07
00 00 00 07 07 07 07 00 00 00 07 00 00 07 24 07
07 07 07 07 07 00 00 07 07 00 00 00 00 00 00 00
00 00 00 00 00 00 00 00 00 00 00 00 00 00 00 00
00 00 00 00 00 00 00 00 00 00 00 00 00 00 00 00
00 00 00 00 00 00 00 00 00 00 00 00 00 00 00 00
00 00 00 00 00 00 00 00 00 00 00 00
----
Block of 7:
  9
Count:
  27
Hex:
00 00 00 00 00 00 00 00 00 07 07 07 07 00 07 00
d0 07 08 00 00 00 00 00 00 00 00 00 07 00 00 07
07 00 07 07 07 07 07 07 07 07 00 00 07 00 24 07
00 07 07 07 07 07 00 00 00 00 00 00 00 00 00 00
00 00 00 00 00 00 00 00 00 00 00 00 00 00 00 00
00 00 00 00 00 00 00 00 00 00 00 00 00 00 00 00
00 00 00 00 00 00 00 00 00 00 00 00 00 00 00 00
00 00 00 00 00 00 00 00 00 00 00 00
----
Block of 7:
  9
Count:
  27
Hex:
00 00 00 00 00 00 00 00 07 07 00 00 00 07 00 00
d0 07 08 00 07 07 07 07 07 07 07 00 07 07 00 00
00 00 00 07 00 00 00 00 07 07 07 07 07 07 24 07
07 00 00 07 07 00 00 00 00 00 00 00 00 00 00 00
00 00 00 00 00 00 00 00 00 00 00 00 00 00 00 00
00 00 00 00 00 00 00 00 00 00 00 00 00 00 00 00
00 00 00 00 00 00 00 00 00 00 00 00 00 00 00 00
00 00 00 00 00 00 00 00 00 00 00 00
----
Block of 7:
  9
Count:
  27
Hex:
00 00 00 00 00 00 00 00 07 07 07 07 07 00 07 07
d0 07 08 00 07 00 00 00 00 07 07 07 07 07 07 07
00 00 07 00 00 00 07 00 00 00 07 07 07 07 24 07
07 00 00 00 00 00 00 00 00 00 00 00 00 00 00 00
00 00 00 00 00 00 00 00 00 00 00 00 00 00 00 00
00 00 00 00 00 00 00 00 00 00 00 00 00 00 00 00
00 00 00 00 00 00 00 00 00 00 00 00 00 00 00 00
00 00 00 00 00 00 00 00 00 00 00 00
----
Block of 7:
  9
Count:
  29
Hex:
00 00 00 00 00 00 00 00 00 00 07 00 00 00 07 07
d0 07 08 00 00 07 07 00 00 00 00 07 07 00 07 00
00 07 07 07 07 07 07 07 07 07 07 07 00 00 24 07
00 00 00 07 07 07 07 07 00 00 00 00 00 00 00 00
00 00 00 00 00 00 00 00 00 00 00 00 00 00 00 00
00 00 00 00 00 00 00 00 00 00 00 00 00 00 00 00
00 00 00 00 00 00 00 00 00 00 00 00 00 00 00 00
00 00 00 00 00 00 00 00 00 00 00 00
----
Block of 7:
  9
Count:
  29
Hex:
00 00 00 00 00 00 00 07 07 07 07 07 00 00 00 00
d0 07 08 00 07 07 07 07 07 00 00 07 07 00 00 00
00 00 00 07 07 07 07 00 07 07 00 07 07 07 24 07
07 00 00 00 00 00 07 07 00 00 00 00 00 00 00 00
00 00 00 00 00 00 00 00 00 00 00 00 00 00 00 00
00 00 00 00 00 00 00 00 00 00 00 00 00 00 00 00
00 00 00 00 00 00 00 00 00 00 00 00 00 00 00 00
00 00 00 00 00 00 00 00 00 00 00 00
----
Block of 7:
  9
Count:
  29
Hex:
00 00 00 00 00 00 00 07 07 07 07 07 07 07 00 07
d0 07 08 00 00 00 07 07 07 00 07 07 00 00 00 00
00 07 07 00 00 07 07 07 07 07 07 00 00 07 24 07
07 07 00 00 00 00 00 00 00 00 00 00 00 00 00 00
00 00 00 00 00 00 00 00 00 00 00 00 00 00 00 00
00 00 00 00 00 00 00 00 00 00 00 00 00 00 00 00
00 00 00 00 00 00 00 00 00 00 00 00 00 00 00 00
00 00 00 00 00 00 00 00 00 00 00 00
----
Block of 7:
  9
Count:
  30
Hex:
00 00 00 00 00 00 00 00 00 07 00 07 07 07 07 07
d0 07 08 00 07 07 07 00 00 00 00 00 00 00 00 00
07 07 00 00 07 07 07 07 00 00 07 07 00 00 24 07
07 07 07 07 07 07 07 00 07 00 00 00 00 00 00 00
00 00 00 00 00 00 00 00 00 00 00 00 00 00 00 00
00 00 00 00 00 00 00 00 00 00 00 00 00 00 00 00
00 00 00 00 00 00 00 00 00 00 00 00 00 00 00 00
00 00 00 00 00 00 00 00 00 00 00 00
----
Block of 7:
  9
Count:
  30
Hex:
00 00 00 00 00 00 00 00 07 07 07 07 07 07 07 07
d0 07 08 00 07 00 00 07 00 00 07 07 07 07 07 00
07 07 00 00 00 07 07 07 00 00 00 00 00 00 24 07
07 00 00 07 07 07 07 00 00 00 00 00 00 00 00 00
00 00 00 00 00 00 00 00 00 00 00 00 00 00 00 00
00 00 00 00 00 00 00 00 00 00 00 00 00 00 00 00
00 00 00 00 00 00 00 00 00 00 00 00 00 00 00 00
00 00 00 00 00 00 00 00 00 00 00 00
----
Block of 7:
  9
Count:
  31
Hex:
00 00 00 00 00 00 00 00 07 07 07 07 00 07 07 00
d0 07 08 00 00 00 00 00 07 07 00 00 00 07 07 00
00 00 07 07 07 07 07 07 07 07 07 07 07 07 24 07
07 07 00 00 00 07 00 00 07 00 00 00 00 00 00 00
00 00 00 00 00 00 00 00 00 00 00 00 00 00 00 00
00 00 00 00 00 00 00 00 00 00 00 00 00 00 00 00
00 00 00 00 00 00 00 00 00 00 00 00 00 00 00 00
00 00 00 00 00 00 00 00 00 00 00 00
----
Block of 7:
  9
Count:
  32
Hex:
00 00 00 00 00 00 00 00 00 07 07 00 07 07 00 00
d0 07 08 00 00 07 07 07 07 07 07 00 00 00 07 00
00 07 07 07 07 07 07 07 07 00 07 07 07 07 24 07
07 07 00 00 07 07 00 00 00 00 00 00 00 00 00 00
00 00 00 00 00 00 00 00 00 00 00 00 00 00 00 00
00 00 00 00 00 00 00 00 00 00 00 00 00 00 00 00
00 00 00 00 00 00 00 00 00 00 00 00 00 00 00 00
00 00 00 00 00 00 00 00 00 00 00 00
