----
Count:
  13
Unique Count:
  10
Hex:
04 00 00 00 00 00 00 00 00 07 00 00 00 00 00 00
d0 07 08 00 66 00 00 00 00 33 00 00 00 00 00 00
00 00 00 00 00 00 00 00 00 00 00 04 00 00 33 06
00 00 00 00 00 00 00 00 00 00 00 00 00 00 00 00
00 00 00 00 00 00 00 00 00 00 00 00 00 00 00 00
00 00 00 00 00 00 00 00 00 00 00 00 00 00 00 00
00 00 00 00 00 00 00 00 00 00 00 00 00 00 00 00
00 00 00 00 00 00 00 00 00 00 00 00
~
00 00 00 00 00 00 00 00 00 00 00 00 00 00 00 00
00 00 00 00 00 00 00 00 00 00 00 00 00 00 00 00
00 00 00 00 00 00 00 00 00 00 00 00 00 00 00 00
00 f0 00 00 00 00 00 00 00 00 73 00 00 00 00 00
00 00 00 00 00 58 00 00 00 00 00 00 00 00 00 00
00 00 00 00 00 00 00 00 00 00 00 00 00 00 00 00
00 00 00 00 00 00 00 00 00 00 00 00 00 00 00 00
00 00 00 00 00 00 00 00 00 00 00 00
AnimeMaker(used block: #2):
  04: ( 32, 27)
  07: ( 41, 27)
  D0: ( 48, 27)
  07: ( 49, 27)
  F0: ( 49, 28)
  08: ( 50, 27)
  66: ( 52, 27)
  33: ( 57, 27)
  73: ( 58, 28)
  58: ( 69, 28)
  04: ( 75, 27)
  33: ( 78, 27)
  06: ( 79, 27)
Visual:
y\x| 32                         41                   48 49 50    52             57 58                               69                75       78 79
---+------------------------------------------------------------------------------------------------------------------------------------------------
 27| 04                         07                   D0 07 08    66             33                                                    04       33 06
 28|                                                    F0                         73                               58                              
----
Count:
  14
Unique Count:
   9
Hex:
04 00 00 00 00 00 00 00 00 00 00 00 00 33 00 00
d0 07 08 00 00 00 00 00 00 00 00 00 00 00 00 00
00 00 00 00 00 00 00 00 00 00 00 00 dd 00 33 06
00 29 00 00 00 00 00 00 00 00 00 00 00 00 00 00
00 00 00 00 00 00 00 00 00 00 00 00 00 00 00 00
00 00 00 00 00 00 00 00 00 00 00 00 00 00 00 00
00 00 00 00 00 00 00 00 00 00 00 00 00 00 00 00
00 00 00 00 00 00 00 00 00 00 00 00
~
00 00 00 00 00 00 00 00 00 00 00 00 00 00 00 00
00 00 00 00 00 00 00 00 00 00 00 00 00 00 00 00
00 00 00 00 dd 00 00 00 00 00 00 00 00 00 00 08
00 00 00 00 00 00 00 00 00 00 7e 00 00 00 00 29
00 00 00 00 00 00 00 00 00 00 00 00 dd 00 00 00
00 00 00 00 00 00 00 00 00 00 00 00 00 00 00 00
00 00 00 00 00 00 00 00 00 00 00 00 00 00 00 00
00 00 00 00 00 00 00 00 00 00 00 00
AnimeMaker(used block: #2):
  04: ( 32, 27)
  DD: ( 36, 28)
  33: ( 45, 27)
  08: ( 47, 28)
  D0: ( 48, 27)
  07: ( 49, 27)
  08: ( 50, 27)
  7E: ( 58, 28)
  29: ( 63, 28)
  DD: ( 76, 27..28)
  33: ( 78, 27)
  06: ( 79, 27)
  29: ( 81, 27)
Visual:
y\x| 32          36                         45    47 48 49 50                      58             63                                     76    78 79    81
---+------------------------------------------------------------------------------------------------------------------------------------------------------
 27| 04                                     33       D0 07 08                                                                            DD    33 06    29
 28|             DD                               08                               7E             29                                     DD               
----
Count:
  14
Unique Count:
   9
Hex:
04 00 00 00 00 00 00 00 00 07 00 00 00 00 00 00
d0 07 08 00 66 00 00 00 00 33 00 00 00 00 00 00
00 00 00 00 00 00 00 00 00 00 00 04 00 00 33 06
00 00 00 00 00 00 00 00 00 00 00 00 00 00 00 00
00 00 00 00 00 00 00 00 00 00 00 00 00 00 00 00
00 00 00 00 00 00 00 00 00 00 00 00 00 00 00 00
00 00 00 00 00 00 00 00 00 00 00 00 00 00 00 00
00 00 00 00 00 00 00 00 00 00 00 00
~
00 00 00 00 00 00 00 00 00 00 00 00 00 00 00 00
00 00 00 00 00 00 00 00 00 00 00 00 00 00 00 00
00 00 00 00 00 00 00 00 00 00 00 00 00 00 00 00
00 00 00 00 00 00 00 00 00 00 65 00 00 04 66 00
00 00 00 f0 00 00 00 00 00 00 00 00 00 00 00 00
00 00 00 00 00 00 00 00 00 00 00 00 00 00 00 00
00 00 00 00 00 00 00 00 00 00 00 00 00 00 00 00
00 00 00 00 00 00 00 00 00 00 00 00
AnimeMaker(used block: #2):
  04: ( 32, 27)
  07: ( 41, 27)
  D0: ( 48, 27)
  07: ( 49, 27)
  08: ( 50, 27)
  66: ( 52, 27)
  33: ( 57, 27)
  65: ( 58, 28)
  04: ( 61, 28)
  66: ( 62, 28)
  F0: ( 67, 28)
  04: ( 75, 27)
  33: ( 78, 27)
  06: ( 79, 27)
Visual:
y\x| 32                         41                   48 49 50    52             57 58       61 62             67                      75       78 79
---+------------------------------------------------------------------------------------------------------------------------------------------------
 27| 04                         07                   D0 07 08    66             33                                                    04       33 06
 28|                                                                               65       04 66             F0                                    
----
Count:
  14
Unique Count:
   9
Hex:
04 00 00 00 00 00 00 00 00 07 00 00 00 00 00 00
d0 07 08 00 66 00 00 00 00 33 00 00 00 00 00 00
00 00 00 00 00 00 00 00 00 00 00 04 00 00 33 06
00 00 00 00 00 00 00 00 00 00 00 00 00 00 00 00
00 00 00 00 00 00 00 00 00 00 00 00 00 00 00 00
00 00 00 00 00 00 00 00 00 00 00 00 00 00 00 00
00 00 00 00 00 00 00 00 00 00 00 00 00 00 00 00
00 00 00 00 00 00 00 00 00 00 00 00
~
00 00 00 00 00 00 00 00 00 00 00 00 00 00 00 00
00 00 00 00 00 00 00 00 00 00 00 00 00 00 00 00
00 00 00 00 00 00 00 00 00 00 00 00 00 00 00 00
00 00 00 00 00 00 00 00 00 00 66 00 00 00 00 00
00 00 00 00 00 00 00 00 00 26 00 d0 00 00 00 00
00 00 00 00 51 00 00 00 00 00 00 00 00 00 00 00
00 00 00 00 00 00 00 00 00 00 00 00 00 00 00 00
00 00 00 00 00 00 00 00 00 00 00 00
AnimeMaker(used block: #2):
  04: ( 32, 27)
  07: ( 41, 27)
  D0: ( 48, 27)
  07: ( 49, 27)
  08: ( 50, 27)
  66: ( 52, 27)
  33: ( 57, 27)
  66: ( 58, 28)
  26: ( 73, 28)
  04: ( 75, 27)
  D0: ( 75, 28)
  33: ( 78, 27)
  06: ( 79, 27)
  51: ( 84, 28)
Visual:
y\x| 32                         41                   48 49 50    52             57 58                                           73    75       78 79             84
---+---------------------------------------------------------------------------------------------------------------------------------------------------------------
 27| 04                         07                   D0 07 08    66             33                                                    04       33 06               
 28|                                                                               66                                           26    D0                         51
----
Count:
  14
Unique Count:
   9
Hex:
04 00 00 00 00 00 00 00 00 07 00 00 00 00 00 00
d0 07 08 00 66 00 00 00 00 33 00 00 00 00 00 00
00 00 00 00 00 00 00 00 00 00 00 04 00 00 33 06
00 00 00 00 00 00 00 00 00 00 00 00 00 00 00 00
00 00 00 00 00 00 00 00 00 00 00 00 00 00 00 00
00 00 00 00 00 00 00 00 00 00 00 00 00 00 00 00
00 00 00 00 00 00 00 00 00 00 00 00 00 00 00 00
00 00 00 00 00 00 00 00 00 00 00 00
~
00 00 00 00 00 00 00 00 00 00 00 00 00 00 00 00
00 00 00 00 00 00 00 00 00 00 00 00 00 00 00 00
00 00 00 00 00 00 00 00 00 00 00 00 00 00 00 00
00 00 00 00 00 00 00 00 00 00 66 00 00 00 00 00
00 00 00 00 00 00 00 ce 00 00 00 00 00 00 00 00
00 00 06 00 00 00 d9 00 00 00 00 00 00 00 00 00
00 00 00 00 00 00 00 00 00 00 00 00 00 00 00 00
00 00 00 00 00 00 00 00 00 00 00 00
AnimeMaker(used block: #2):
  04: ( 32, 27)
  07: ( 41, 27)
  D0: ( 48, 27)
  07: ( 49, 27)
  08: ( 50, 27)
  66: ( 52, 27)
  33: ( 57, 27)
  66: ( 58, 28)
  CE: ( 71, 28)
  04: ( 75, 27)
  33: ( 78, 27)
  06: ( 79, 27)
  06: ( 82, 28)
  D9: ( 86, 28)
Visual:
y\x| 32                         41                   48 49 50    52             57 58                                     71          75       78 79       82          86
---+---------------------------------------------------------------------------------------------------------------------------------------------------------------------
 27| 04                         07                   D0 07 08    66             33                                                    04       33 06                     
 28|                                                                               66                                     CE                               06          D9
----
Count:
  14
Unique Count:
   9
Hex:
04 00 00 00 00 00 00 00 00 07 00 00 00 00 00 00
d0 07 08 00 66 00 00 00 00 33 00 00 00 00 00 00
00 00 00 00 00 00 00 00 00 00 00 04 00 00 33 06
00 00 00 00 00 00 00 00 00 00 00 00 00 00 00 00
00 00 00 00 00 00 00 00 00 00 00 00 00 00 00 00
00 00 00 00 00 00 00 00 00 00 00 00 00 00 00 00
00 00 00 00 00 00 00 00 00 00 00 00 00 00 00 00
00 00 00 00 00 00 00 00 00 00 00 00
~
00 00 00 00 00 00 00 00 00 00 00 00 00 00 00 00
00 00 00 00 00 00 00 00 00 00 00 00 00 00 00 00
00 00 00 00 00 00 00 00 00 00 00 00 00 00 00 00
00 00 00 00 00 00 00 00 00 00 66 00 00 00 00 00
00 fb 00 00 00 00 00 00 04 00 00 00 00 00 00 00
7d 00 00 00 00 00 00 00 00 00 00 00 00 00 00 00
00 00 00 00 00 00 00 00 00 00 00 00 00 00 00 00
00 00 00 00 00 00 00 00 00 00 00 00
AnimeMaker(used block: #2):
  04: ( 32, 27)
  07: ( 41, 27)
  D0: ( 48, 27)
  07: ( 49, 27)
  08: ( 50, 27)
  66: ( 52, 27)
  33: ( 57, 27)
  66: ( 58, 28)
  FB: ( 65, 28)
  04: ( 72, 28)
  04: ( 75, 27)
  33: ( 78, 27)
  06: ( 79, 27)
  7D: ( 80, 28)
Visual:
y\x| 32                         41                   48 49 50    52             57 58                   65                   72       75       78 79 80
---+---------------------------------------------------------------------------------------------------------------------------------------------------
 27| 04                         07                   D0 07 08    66             33                                                    04       33 06   
 28|                                                                               66                   FB                   04                      7D
----
Count:
  14
Unique Count:
   9
Hex:
04 00 00 00 00 00 00 00 00 07 00 00 00 00 00 00
d0 07 08 00 66 00 00 00 00 33 00 00 00 00 00 00
00 00 00 00 00 00 00 00 00 00 00 04 00 00 33 06
00 00 00 00 00 00 00 00 00 00 00 00 00 00 00 00
00 00 00 00 00 00 00 00 00 00 00 00 00 00 00 00
00 00 00 00 00 00 00 00 00 00 00 00 00 00 00 00
00 00 00 00 00 00 00 00 00 00 00 00 00 00 00 00
00 00 00 00 00 00 00 00 00 00 00 00
~
00 00 00 00 00 00 00 00 00 00 00 00 00 00 00 00
00 00 00 00 00 00 00 00 00 00 00 00 00 00 00 00
00 00 00 00 00 00 00 00 00 00 00 00 00 00 00 00
00 00 00 00 00 00 00 00 00 00 66 00 00 00 50 00
00 00 00 00 00 00 00 a8 00 00 00 06 00 00 00 00
00 00 00 00 00 00 00 00 00 00 00 00 00 00 00 00
00 00 00 00 00 00 00 00 00 00 00 00 00 00 00 00
00 00 00 00 00 00 00 00 00 00 00 00
AnimeMaker(used block: #2):
  04: ( 32, 27)
  07: ( 41, 27)
  D0: ( 48, 27)
  07: ( 49, 27)
  08: ( 50, 27)
  66: ( 52, 27)
  33: ( 57, 27)
  66: ( 58, 28)
  50: ( 62, 28)
  A8: ( 71, 28)
  04: ( 75, 27)
  06: ( 75, 28)
  33: ( 78, 27)
  06: ( 79, 27)
Visual:
y\x| 32                         41                   48 49 50    52             57 58          62                         71          75       78 79
---+------------------------------------------------------------------------------------------------------------------------------------------------
 27| 04                         07                   D0 07 08    66             33                                                    04       33 06
 28|                                                                               66          50                         A8          06            
----
Count:
  14
Unique Count:
   9
Hex:
04 00 00 00 00 00 00 00 00 07 00 00 00 00 00 00
d0 07 08 00 66 00 00 00 00 33 00 00 00 00 00 00
00 00 00 00 00 00 00 00 00 00 00 04 00 00 33 06
00 00 00 00 00 00 00 00 00 00 00 00 00 00 00 00
00 00 00 00 00 00 00 00 00 00 00 00 00 00 00 00
00 00 00 00 00 00 00 00 00 00 00 00 00 00 00 00
00 00 00 00 00 00 00 00 00 00 00 00 00 00 00 00
00 00 00 00 00 00 00 00 00 00 00 00
~
00 00 00 00 00 00 00 00 00 00 00 00 00 00 00 00
00 00 00 00 00 00 00 00 00 00 00 00 00 00 00 00
00 00 00 00 00 00 00 00 00 00 00 00 00 00 00 00
00 00 00 00 00 00 00 00 00 00 66 00 1e 00 00 00
25 00 00 00 00 00 00 00 00 00 00 00 00 00 00 07
00 00 00 00 00 00 00 00 00 00 00 00 00 00 00 00
00 00 00 00 00 00 00 00 00 00 00 00 00 00 00 00
00 00 00 00 00 00 00 00 00 00 00 00
AnimeMaker(used block: #2):
  04: ( 32, 27)
  07: ( 41, 27)
  D0: ( 48, 27)
  07: ( 49, 27)
  08: ( 50, 27)
  66: ( 52, 27)
  33: ( 57, 27)
  66: ( 58, 28)
  1E: ( 60, 28)
  25: ( 64, 28)
  04: ( 75, 27)
  33: ( 78, 27)
  06: ( 79, 27)
  07: ( 79, 28)
Visual:
y\x| 32                         41                   48 49 50    52             57 58    60          64                               75       78 79
---+------------------------------------------------------------------------------------------------------------------------------------------------
 27| 04                         07                   D0 07 08    66             33                                                    04       33 06
 28|                                                                               66    1E          25                                           07
----
Count:
  14
Unique Count:
   9
Hex:
04 00 00 00 00 00 00 00 00 07 00 00 00 00 00 00
d0 07 08 00 66 00 00 00 00 33 00 00 00 00 00 00
00 00 00 00 00 00 00 00 00 00 00 04 00 00 33 06
00 00 00 00 00 00 00 00 00 00 00 00 00 00 00 00
00 00 00 00 00 00 00 00 00 00 00 00 00 00 00 00
00 00 00 00 00 00 00 00 00 00 00 00 00 00 00 00
00 00 00 00 00 00 00 00 00 00 00 00 00 00 00 00
00 00 00 00 00 00 00 00 00 00 00 00
~
00 00 00 00 00 00 00 00 00 00 00 00 00 00 00 00
00 00 00 00 00 00 00 00 00 00 00 00 00 00 00 00
00 00 00 00 00 00 00 00 00 00 00 00 00 00 00 00
00 00 00 00 00 66 00 00 00 00 6f 00 00 00 00 00
00 00 00 00 00 00 00 00 00 00 00 00 00 00 00 00
00 00 00 3f 07 00 00 00 00 00 00 00 00 00 00 00
00 00 00 00 00 00 00 00 00 00 00 00 00 00 00 00
00 00 00 00 00 00 00 00 00 00 00 00
AnimeMaker(used block: #2):
  04: ( 32, 27)
  07: ( 41, 27)
  D0: ( 48, 27)
  07: ( 49, 27)
  08: ( 50, 27)
  66: ( 52, 27)
  66: ( 53, 28)
  33: ( 57, 27)
  6F: ( 58, 28)
  04: ( 75, 27)
  33: ( 78, 27)
  06: ( 79, 27)
  3F: ( 83, 28)
  07: ( 84, 28)
Visual:
y\x| 32                         41                   48 49 50    52 53          57 58                                                 75       78 79          83 84
---+---------------------------------------------------------------------------------------------------------------------------------------------------------------
 27| 04                         07                   D0 07 08    66             33                                                    04       33 06               
 28|                                                                66             6F                                                                         3F 07
----
Count:
  14
Unique Count:
   9
Hex:
04 00 00 00 00 00 00 00 00 07 00 00 00 00 00 00
d0 07 08 00 66 00 00 00 00 33 00 00 00 00 00 00
00 00 00 00 00 00 00 00 00 00 00 04 00 00 33 06
00 00 00 00 00 00 00 00 00 00 00 00 00 00 00 00
00 00 00 00 00 00 00 00 00 00 00 00 00 00 00 00
00 00 00 00 00 00 00 00 00 00 00 00 00 00 00 00
00 00 00 00 00 00 00 00 00 00 00 00 00 00 00 00
00 00 00 00 00 00 00 00 00 00 00 00
~
00 00 00 00 00 00 00 00 00 00 00 00 00 00 00 00
00 00 00 00 00 00 00 00 00 00 00 00 00 00 00 00
00 00 00 00 00 00 00 00 00 00 00 00 00 00 00 00
00 00 00 61 00 00 00 00 00 00 66 00 00 00 00 00
00 00 66 00 00 00 00 00 00 00 3b 00 00 00 00 00
00 00 00 00 00 00 00 00 00 00 00 00 00 00 00 00
00 00 00 00 00 00 00 00 00 00 00 00 00 00 00 00
00 00 00 00 00 00 00 00 00 00 00 00
AnimeMaker(used block: #2):
  04: ( 32, 27)
  07: ( 41, 27)
  D0: ( 48, 27)
  07: ( 49, 27)
  08: ( 50, 27)
  61: ( 51, 28)
  66: ( 52, 27)
  33: ( 57, 27)
  66: ( 58, 28)
  66: ( 66, 28)
  3B: ( 74, 28)
  04: ( 75, 27)
  33: ( 78, 27)
  06: ( 79, 27)
Visual:
y\x| 32                         41                   48 49 50 51 52             57 58                      66                      74 75       78 79
---+------------------------------------------------------------------------------------------------------------------------------------------------
 27| 04                         07                   D0 07 08    66             33                                                    04       33 06
 28|                                                          61                   66                      66                      3B               
----
Count:
  14
Unique Count:
   9
Hex:
04 00 00 00 00 00 00 00 00 07 00 00 00 00 00 00
d0 07 08 00 66 00 00 00 00 33 00 00 00 00 00 00
00 00 00 00 00 00 00 00 00 00 00 04 00 00 33 06
00 00 00 00 00 00 00 00 00 00 00 00 00 00 00 00
00 00 00 00 00 00 00 00 00 00 00 00 00 00 00 00
00 00 00 00 00 00 00 00 00 00 00 00 00 00 00 00
00 00 00 00 00 00 00 00 00 00 00 00 00 00 00 00
00 00 00 00 00 00 00 00 00 00 00 00
~
00 00 00 00 00 00 00 00 00 00 00 00 00 00 00 00
00 00 00 00 00 00 00 00 00 00 00 00 00 00 00 00
00 00 00 00 00 00 00 00 00 00 00 00 00 00 00 00
00 00 d6 00 00 00 00 00 00 00 66 00 00 00 00 00
00 00 00 00 00 00 00 00 00 00 00 00 33 00 00 00
00 00 00 00 2f 00 00 00 00 00 00 00 00 00 00 00
00 00 00 00 00 00 00 00 00 00 00 00 00 00 00 00
00 00 00 00 00 00 00 00 00 00 00 00
AnimeMaker(used block: #2):
  04: ( 32, 27)
  07: ( 41, 27)
  D0: ( 48, 27)
  07: ( 49, 27)
  08: ( 50, 27)
  D6: ( 50, 28)
  66: ( 52, 27)
  33: ( 57, 27)
  66: ( 58, 28)
  04: ( 75, 27)
  33: ( 76, 28)
  33: ( 78, 27)
  06: ( 79, 27)
  2F: ( 84, 28)
Visual:
y\x| 32                         41                   48 49 50    52             57 58                                                 75 76    78 79             84
---+---------------------------------------------------------------------------------------------------------------------------------------------------------------
 27| 04                         07                   D0 07 08    66             33                                                    04       33 06               
 28|                                                       D6                      66                                                    33                      2F
----
Count:
  14
Unique Count:
   9
Hex:
04 00 00 00 00 00 00 00 00 07 00 00 00 00 00 00
d0 07 08 00 66 00 00 00 00 33 00 00 00 00 00 00
00 00 00 00 00 00 00 00 00 00 00 04 00 00 33 06
00 00 00 00 00 00 00 00 00 00 00 00 00 00 00 00
00 00 00 00 00 00 00 00 00 00 00 00 00 00 00 00
00 00 00 00 00 00 00 00 00 00 00 00 00 00 00 00
00 00 00 00 00 00 00 00 00 00 00 00 00 00 00 00
00 00 00 00 00 00 00 00 00 00 00 00
~
00 00 00 00 00 00 00 00 00 00 00 00 00 00 00 00
00 00 00 00 00 00 00 00 00 00 00 00 00 00 00 00
00 00 00 00 00 00 00 00 00 00 00 66 00 00 00 00
00 00 00 00 00 00 00 00 00 00 60 00 00 00 00 00
c2 00 00 00 00 00 00 00 00 33 00 00 00 00 00 00
00 00 00 00 00 00 00 00 00 00 00 00 00 00 00 00
00 00 00 00 00 00 00 00 00 00 00 00 00 00 00 00
00 00 00 00 00 00 00 00 00 00 00 00
AnimeMaker(used block: #2):
  04: ( 32, 27)
  07: ( 41, 27)
  66: ( 43, 28)
  D0: ( 48, 27)
  07: ( 49, 27)
  08: ( 50, 27)
  66: ( 52, 27)
  33: ( 57, 27)
  60: ( 58, 28)
  C2: ( 64, 28)
  33: ( 73, 28)
  04: ( 75, 27)
  33: ( 78, 27)
  06: ( 79, 27)
Visual:
y\x| 32                         41    43             48 49 50    52             57 58                64                         73    75       78 79
---+------------------------------------------------------------------------------------------------------------------------------------------------
 27| 04                         07                   D0 07 08    66             33                                                    04       33 06
 28|                                  66                                           60                C2                         33                  
----
Count:
  14
Unique Count:
   9
Hex:
04 00 00 00 00 00 00 00 00 07 00 00 00 00 00 00
d0 07 08 00 66 00 00 00 00 33 00 00 00 00 00 00
00 00 00 00 00 00 00 00 00 00 00 04 00 00 33 06
00 00 00 00 00 00 00 00 00 00 00 00 00 00 00 00
00 00 00 00 00 00 00 00 00 00 00 00 00 00 00 00
00 00 00 00 00 00 00 00 00 00 00 00 00 00 00 00
00 00 00 00 00 00 00 00 00 00 00 00 00 00 00 00
00 00 00 00 00 00 00 00 00 00 00 00
~
00 00 00 00 00 00 00 00 00 00 00 00 00 00 00 00
00 00 00 00 00 00 00 00 00 00 00 00 00 00 00 00
00 00 00 00 00 00 00 00 33 00 47 00 00 00 00 00
00 00 00 00 00 00 00 00 00 00 66 00 00 00 00 00
00 00 00 67 00 00 00 00 00 00 00 00 00 00 00 00
00 00 00 00 00 00 00 00 00 00 00 00 00 00 00 00
00 00 00 00 00 00 00 00 00 00 00 00 00 00 00 00
00 00 00 00 00 00 00 00 00 00 00 00
AnimeMaker(used block: #2):
  04: ( 32, 27)
  33: ( 40, 28)
  07: ( 41, 27)
  47: ( 42, 28)
  D0: ( 48, 27)
  07: ( 49, 27)
  08: ( 50, 27)
  66: ( 52, 27)
  33: ( 57, 27)
  66: ( 58, 28)
  67: ( 67, 28)
  04: ( 75, 27)
  33: ( 78, 27)
  06: ( 79, 27)
Visual:
y\x| 32                      40 41 42                48 49 50    52             57 58                         67                      75       78 79
---+------------------------------------------------------------------------------------------------------------------------------------------------
 27| 04                         07                   D0 07 08    66             33                                                    04       33 06
 28|                         33    47                                              66                         67                                    
----
Count:
  14
Unique Count:
   9
Hex:
04 00 00 00 00 00 00 00 00 07 00 00 00 00 00 00
d0 07 08 00 66 00 00 00 00 33 00 00 00 00 00 00
00 00 00 00 00 00 00 00 00 00 00 04 00 00 33 06
00 00 00 00 00 00 00 00 00 00 00 00 00 00 00 00
00 00 00 00 00 00 00 00 00 00 00 00 00 00 00 00
00 00 00 00 00 00 00 00 00 00 00 00 00 00 00 00
00 00 00 00 00 00 00 00 00 00 00 00 00 00 00 00
00 00 00 00 00 00 00 00 00 00 00 00
~
00 00 00 00 00 00 00 00 00 00 00 00 00 00 00 00
00 00 00 00 00 00 00 00 00 00 00 00 00 00 00 00
00 00 00 00 00 00 00 04 00 00 00 00 00 00 00 00
00 00 00 8c 00 00 00 00 00 00 65 00 00 00 00 00
00 00 00 00 00 00 00 00 00 00 00 00 00 00 00 00
00 00 00 00 8c 00 00 00 00 00 00 00 00 00 00 00
00 00 00 00 00 00 00 00 00 00 00 00 00 00 00 00
00 00 00 00 00 00 00 00 00 00 00 00
AnimeMaker(used block: #2):
  04: ( 32, 27)
  04: ( 39, 28)
  07: ( 41, 27)
  D0: ( 48, 27)
  07: ( 49, 27)
  08: ( 50, 27)
  8C: ( 51, 28)
  66: ( 52, 27)
  33: ( 57, 27)
  65: ( 58, 28)
  04: ( 75, 27)
  33: ( 78, 27)
  06: ( 79, 27)
  8C: ( 84, 28)
Visual:
y\x| 32                   39    41                   48 49 50 51 52             57 58                                                 75       78 79             84
---+---------------------------------------------------------------------------------------------------------------------------------------------------------------
 27| 04                         07                   D0 07 08    66             33                                                    04       33 06               
 28|                      04                                  8C                   65                                                                            8C
----
Count:
  14
Unique Count:
   9
Hex:
04 00 00 00 00 00 00 00 00 07 00 00 00 00 00 00
d0 07 08 00 66 00 00 00 00 33 00 00 00 00 00 00
00 00 00 00 00 00 00 00 00 00 00 04 00 00 33 06
00 00 00 00 00 00 00 00 00 00 00 00 00 00 00 00
00 00 00 00 00 00 00 00 00 00 00 00 00 00 00 00
00 00 00 00 00 00 00 00 00 00 00 00 00 00 00 00
00 00 00 00 00 00 00 00 00 00 00 00 00 00 00 00
00 00 00 00 00 00 00 00 00 00 00 00
~
00 00 00 00 00 00 00 00 00 00 00 00 00 00 00 00
00 00 00 00 00 00 00 00 00 00 00 00 00 00 00 00
00 00 00 00 00 d0 00 00 00 00 00 c9 00 00 00 00
00 00 00 00 00 00 00 00 00 00 6b 00 00 00 00 00
00 00 00 00 00 00 00 00 00 00 00 00 00 00 00 00
08 00 00 00 00 00 00 00 00 00 00 00 00 00 00 00
00 00 00 00 00 00 00 00 00 00 00 00 00 00 00 00
00 00 00 00 00 00 00 00 00 00 00 00
AnimeMaker(used block: #2):
  04: ( 32, 27)
  D0: ( 37, 28)
  07: ( 41, 27)
  C9: ( 43, 28)
  D0: ( 48, 27)
  07: ( 49, 27)
  08: ( 50, 27)
  66: ( 52, 27)
  33: ( 57, 27)
  6B: ( 58, 28)
  04: ( 75, 27)
  33: ( 78, 27)
  06: ( 79, 27)
  08: ( 80, 28)
Visual:
y\x| 32             37          41    43             48 49 50    52             57 58                                                 75       78 79 80
---+---------------------------------------------------------------------------------------------------------------------------------------------------
 27| 04                         07                   D0 07 08    66             33                                                    04       33 06   
 28|                D0                C9                                           6B                                                                08
----
Count:
  14
Unique Count:
   9
Hex:
04 00 00 00 00 00 00 00 00 07 00 00 00 00 00 00
d0 07 08 00 66 00 00 00 00 33 00 00 00 00 00 00
00 00 00 00 00 00 00 00 00 00 00 04 00 00 33 06
00 00 00 00 00 00 00 00 00 00 00 00 00 00 00 00
00 00 00 00 00 00 00 00 00 00 00 00 00 00 00 00
00 00 00 00 00 00 00 00 00 00 00 00 00 00 00 00
00 00 00 00 00 00 00 00 00 00 00 00 00 00 00 00
00 00 00 00 00 00 00 00 00 00 00 00
~
00 00 00 00 00 00 00 00 00 00 00 00 00 00 00 00
00 00 00 00 00 00 00 00 00 00 00 00 00 00 00 00
00 00 00 00 94 00 00 00 00 00 00 00 00 00 00 00
00 00 71 00 00 00 00 00 00 00 66 00 00 00 33 00
00 00 00 00 00 00 00 00 00 00 00 00 00 00 00 00
00 00 00 00 00 00 00 00 00 00 00 00 00 00 00 00
00 00 00 00 00 00 00 00 00 00 00 00 00 00 00 00
00 00 00 00 00 00 00 00 00 00 00 00
AnimeMaker(used block: #2):
  04: ( 32, 27)
  94: ( 36, 28)
  07: ( 41, 27)
  D0: ( 48, 27)
  07: ( 49, 27)
  08: ( 50, 27)
  71: ( 50, 28)
  66: ( 52, 27)
  33: ( 57, 27)
  66: ( 58, 28)
  33: ( 62, 28)
  04: ( 75, 27)
  33: ( 78, 27)
  06: ( 79, 27)
Visual:
y\x| 32          36             41                   48 49 50    52             57 58          62                                     75       78 79
---+------------------------------------------------------------------------------------------------------------------------------------------------
 27| 04                         07                   D0 07 08    66             33                                                    04       33 06
 28|             94                                        71                      66          33                                                   
----
Count:
  14
Unique Count:
   9
Hex:
04 00 00 00 00 00 00 00 00 07 00 00 00 00 00 00
d0 07 08 00 66 00 00 00 00 33 00 00 00 00 00 00
00 00 00 00 00 00 00 00 00 00 00 04 00 00 33 06
00 00 00 00 00 00 00 00 00 00 00 00 00 00 00 00
00 00 00 00 00 00 00 00 00 00 00 00 00 00 00 00
00 00 00 00 00 00 00 00 00 00 00 00 00 00 00 00
00 00 00 00 00 00 00 00 00 00 00 00 00 00 00 00
00 00 00 00 00 00 00 00 00 00 00 00
~
00 00 00 00 00 00 00 00 00 00 00 00 00 00 00 00
00 00 00 00 00 00 00 00 00 00 00 00 00 00 00 00
00 00 00 08 00 00 00 00 99 00 00 00 00 00 00 00
00 00 00 00 00 00 00 00 00 00 66 00 00 00 00 00
00 00 00 00 00 00 00 00 00 00 00 00 00 00 00 00
00 00 00 fd 00 00 00 00 00 00 00 00 00 00 00 00
00 00 00 00 00 00 00 00 00 00 00 00 00 00 00 00
00 00 00 00 00 00 00 00 00 00 00 00
AnimeMaker(used block: #2):
  04: ( 32, 27)
  08: ( 35, 28)
  99: ( 40, 28)
  07: ( 41, 27)
  D0: ( 48, 27)
  07: ( 49, 27)
  08: ( 50, 27)
  66: ( 52, 27)
  33: ( 57, 27)
  66: ( 58, 28)
  04: ( 75, 27)
  33: ( 78, 27)
  06: ( 79, 27)
  FD: ( 83, 28)
Visual:
y\x| 32       35             40 41                   48 49 50    52             57 58                                                 75       78 79          83
---+------------------------------------------------------------------------------------------------------------------------------------------------------------
 27| 04                         07                   D0 07 08    66             33                                                    04       33 06            
 28|          08             99                                                    66                                                                         FD
----
Count:
  14
Unique Count:
   9
Hex:
04 00 00 00 00 00 00 00 00 07 00 00 00 00 00 00
d0 07 08 00 66 00 00 00 00 33 00 00 00 00 00 00
00 00 00 00 00 00 00 00 00 00 00 04 00 00 33 06
00 00 00 00 00 00 00 00 00 00 00 00 00 00 00 00
00 00 00 00 00 00 00 00 00 00 00 00 00 00 00 00
00 00 00 00 00 00 00 00 00 00 00 00 00 00 00 00
00 00 00 00 00 00 00 00 00 00 00 00 00 00 00 00
00 00 00 00 00 00 00 00 00 00 00 00
~
00 00 00 00 00 00 00 00 00 00 00 00 00 00 00 00
00 00 00 00 00 00 00 00 00 00 00 00 00 00 00 00
00 00 74 00 00 00 00 00 00 00 00 00 00 07 00 00
00 00 00 00 00 00 00 00 00 00 79 00 00 00 00 06
00 00 00 00 00 00 00 00 00 00 00 00 00 00 00 00
00 00 00 00 00 00 00 00 00 00 00 00 00 00 00 00
00 00 00 00 00 00 00 00 00 00 00 00 00 00 00 00
00 00 00 00 00 00 00 00 00 00 00 00
AnimeMaker(used block: #2):
  04: ( 32, 27)
  74: ( 34, 28)
  07: ( 41, 27)
  07: ( 45, 28)
  D0: ( 48, 27)
  07: ( 49, 27)
  08: ( 50, 27)
  66: ( 52, 27)
  33: ( 57, 27)
  79: ( 58, 28)
  06: ( 63, 28)
  04: ( 75, 27)
  33: ( 78, 27)
  06: ( 79, 27)
Visual:
y\x| 32    34                   41          45       48 49 50    52             57 58             63                                  75       78 79
---+------------------------------------------------------------------------------------------------------------------------------------------------
 27| 04                         07                   D0 07 08    66             33                                                    04       33 06
 28|       74                               07                                     79             06                                                
----
Count:
  14
Unique Count:
   9
Hex:
04 00 00 00 00 00 00 00 00 07 00 00 00 00 00 00
d0 07 08 00 66 00 00 00 00 33 00 00 00 00 00 00
00 00 00 00 00 00 00 00 00 00 00 04 00 00 33 06
00 00 00 00 00 00 00 00 00 00 00 00 00 00 00 00
00 00 00 00 00 00 00 00 00 00 00 00 00 00 00 00
00 00 00 00 00 00 00 00 00 00 00 00 00 00 00 00
00 00 00 00 00 00 00 00 00 00 00 00 00 00 00 00
00 00 00 00 00 00 00 00 00 00 00 00
~
00 00 00 00 00 00 00 00 00 00 00 00 00 00 00 00
00 00 00 00 00 00 00 00 00 00 00 00 00 00 00 00
04 00 00 00 00 00 00 00 00 00 00 00 00 00 00 00
00 00 00 00 00 00 00 00 00 00 77 00 00 00 9b 00
00 00 00 00 00 00 00 04 00 00 00 00 00 00 00 00
00 00 00 00 00 00 00 00 00 00 00 00 00 00 00 00
00 00 00 00 00 00 00 00 00 00 00 00 00 00 00 00
00 00 00 00 00 00 00 00 00 00 00 00
AnimeMaker(used block: #2):
  04: ( 32, 27..28)
  07: ( 41, 27)
  D0: ( 48, 27)
  07: ( 49, 27)
  08: ( 50, 27)
  66: ( 52, 27)
  33: ( 57, 27)
  77: ( 58, 28)
  9B: ( 62, 28)
  04: ( 71, 28)
  04: ( 75, 27)
  33: ( 78, 27)
  06: ( 79, 27)
Visual:
y\x| 32                         41                   48 49 50    52             57 58          62                         71          75       78 79
---+------------------------------------------------------------------------------------------------------------------------------------------------
 27| 04                         07                   D0 07 08    66             33                                                    04       33 06
 28| 04                                                                            77          9B                         04                        
----
Count:
  15
Unique Count:
   8
Hex:
04 00 00 00 00 00 00 00 00 07 00 00 00 00 00 00
d0 07 08 00 66 00 00 00 00 33 00 00 00 00 00 00
00 00 00 00 00 00 00 00 00 00 00 04 00 00 33 06
00 00 00 00 00 00 00 00 00 00 00 00 00 00 00 00
00 00 00 00 00 00 00 00 00 00 00 00 00 00 00 00
00 00 00 00 00 00 00 00 00 00 00 00 00 00 00 00
00 00 00 00 00 00 00 00 00 00 00 00 00 00 00 00
00 00 00 00 00 00 00 00 00 00 00 00
~
00 00 00 00 00 00 00 00 00 00 00 00 00 00 00 00
00 00 00 00 00 00 00 00 00 00 00 00 00 00 00 00
00 00 00 00 00 00 00 00 00 00 00 00 00 00 00 00
00 00 00 00 00 00 00 00 00 00 66 00 00 00 00 33
00 33 00 00 00 00 00 00 00 00 00 00 00 00 00 00
00 00 00 66 00 62 00 00 00 00 00 00 00 00 00 00
00 00 00 00 00 00 00 00 00 00 00 00 00 00 00 00
00 00 00 00 00 00 00 00 00 00 00 00
AnimeMaker(used block: #2):
  04: ( 32, 27)
  07: ( 41, 27)
  D0: ( 48, 27)
  07: ( 49, 27)
  08: ( 50, 27)
  66: ( 52, 27)
  33: ( 57, 27)
  66: ( 58, 28)
  33: ( 63, 28)
  33: ( 65, 28)
  04: ( 75, 27)
  33: ( 78, 27)
  06: ( 79, 27)
  66: ( 83, 28)
  62: ( 85, 28)
Visual:
y\x| 32                         41                   48 49 50    52             57 58             63    65                            75       78 79          83    85
---+------------------------------------------------------------------------------------------------------------------------------------------------------------------
 27| 04                         07                   D0 07 08    66             33                                                    04       33 06                  
 28|                                                                               66             33    33                                                    66    62
----
Count:
  15
Unique Count:
   8
Hex:
04 00 00 00 00 00 00 00 00 07 00 00 00 00 00 00
d0 07 08 00 66 00 00 00 00 33 00 00 00 00 00 00
00 00 00 00 00 00 00 00 00 00 00 04 00 00 33 06
00 00 00 00 00 00 00 00 00 00 00 00 00 00 00 00
00 00 00 00 00 00 00 00 00 00 00 00 00 00 00 00
00 00 00 00 00 00 00 00 00 00 00 00 00 00 00 00
00 00 00 00 00 00 00 00 00 00 00 00 00 00 00 00
00 00 00 00 00 00 00 00 00 00 00 00
~
00 00 00 00 00 00 00 00 00 00 00 00 00 00 00 00
00 00 00 00 00 00 00 00 00 00 00 00 00 00 00 00
00 00 00 00 00 00 00 00 00 00 00 00 00 00 00 00
00 00 00 00 00 00 00 00 00 00 66 00 00 89 00 00
00 04 00 00 00 d0 00 00 00 00 00 00 00 33 00 00
00 00 00 00 00 00 00 00 00 00 00 00 00 00 00 00
00 00 00 00 00 00 00 00 00 00 00 00 00 00 00 00
00 00 00 00 00 00 00 00 00 00 00 00
AnimeMaker(used block: #2):
  04: ( 32, 27)
  07: ( 41, 27)
  D0: ( 48, 27)
  07: ( 49, 27)
  08: ( 50, 27)
  66: ( 52, 27)
  33: ( 57, 27)
  66: ( 58, 28)
  89: ( 61, 28)
  04: ( 65, 28)
  D0: ( 69, 28)
  04: ( 75, 27)
  33: ( 77, 28)
  33: ( 78, 27)
  06: ( 79, 27)
Visual:
y\x| 32                         41                   48 49 50    52             57 58       61          65          69                75    77 78 79
---+------------------------------------------------------------------------------------------------------------------------------------------------
 27| 04                         07                   D0 07 08    66             33                                                    04       33 06
 28|                                                                               66       89          04          D0                      33      
----
Count:
  15
Unique Count:
   8
Hex:
04 00 00 00 00 00 00 00 00 07 00 00 00 00 00 00
d0 07 08 00 66 00 00 00 00 33 00 00 00 00 00 00
00 00 00 00 00 00 00 00 00 00 00 04 00 00 33 06
00 00 00 00 00 00 00 00 00 00 00 00 00 00 00 00
00 00 00 00 00 00 00 00 00 00 00 00 00 00 00 00
00 00 00 00 00 00 00 00 00 00 00 00 00 00 00 00
00 00 00 00 00 00 00 00 00 00 00 00 00 00 00 00
00 00 00 00 00 00 00 00 00 00 00 00
~
00 00 00 00 00 00 00 00 00 00 00 00 00 00 00 00
00 00 00 00 00 00 00 00 00 00 00 00 00 00 00 00
00 00 00 00 00 00 00 00 00 00 00 00 00 00 00 00
00 00 00 00 00 00 00 00 00 d0 66 00 00 00 07 00
a2 00 00 00 00 00 00 00 00 00 00 00 00 00 00 00
00 00 00 00 66 00 00 00 00 00 00 00 00 00 00 00
00 00 00 00 00 00 00 00 00 00 00 00 00 00 00 00
00 00 00 00 00 00 00 00 00 00 00 00
AnimeMaker(used block: #2):
  04: ( 32, 27)
  07: ( 41, 27)
  D0: ( 48, 27)
  07: ( 49, 27)
  08: ( 50, 27)
  66: ( 52, 27)
  33: ( 57, 27)
  D0: ( 57, 28)
  66: ( 58, 28)
  07: ( 62, 28)
  A2: ( 64, 28)
  04: ( 75, 27)
  33: ( 78, 27)
  06: ( 79, 27)
  66: ( 84, 28)
Visual:
y\x| 32                         41                   48 49 50    52             57 58          62    64                               75       78 79             84
---+---------------------------------------------------------------------------------------------------------------------------------------------------------------
 27| 04                         07                   D0 07 08    66             33                                                    04       33 06               
 28|                                                                            D0 66          07    A2                                                          66
----
Count:
  15
Unique Count:
   8
Hex:
04 00 00 00 00 00 00 00 00 07 00 00 00 00 00 00
d0 07 08 00 66 00 00 00 00 33 00 00 00 00 00 00
00 00 00 00 00 00 00 00 00 00 00 04 00 00 33 06
00 00 00 00 00 00 00 00 00 00 00 00 00 00 00 00
00 00 00 00 00 00 00 00 00 00 00 00 00 00 00 00
00 00 00 00 00 00 00 00 00 00 00 00 00 00 00 00
00 00 00 00 00 00 00 00 00 00 00 00 00 00 00 00
00 00 00 00 00 00 00 00 00 00 00 00
~
00 00 00 00 00 00 00 00 00 00 00 00 00 00 00 00
00 00 00 00 00 00 00 00 00 00 00 00 00 00 00 00
00 00 00 00 00 00 00 00 00 00 00 00 00 00 00 00
00 00 00 00 00 00 00 04 00 00 66 00 00 66 00 00
00 00 00 6a 00 00 00 04 00 00 00 00 00 00 00 00
00 00 00 00 00 00 00 00 00 00 00 00 00 00 00 00
00 00 00 00 00 00 00 00 00 00 00 00 00 00 00 00
00 00 00 00 00 00 00 00 00 00 00 00
AnimeMaker(used block: #2):
  04: ( 32, 27)
  07: ( 41, 27)
  D0: ( 48, 27)
  07: ( 49, 27)
  08: ( 50, 27)
  66: ( 52, 27)
  04: ( 55, 28)
  33: ( 57, 27)
  66: ( 58, 28)
  66: ( 61, 28)
  6A: ( 67, 28)
  04: ( 71, 28)
  04: ( 75, 27)
  33: ( 78, 27)
  06: ( 79, 27)
Visual:
y\x| 32                         41                   48 49 50    52       55    57 58       61                67          71          75       78 79
---+------------------------------------------------------------------------------------------------------------------------------------------------
 27| 04                         07                   D0 07 08    66             33                                                    04       33 06
 28|                                                                      04       66       66                6A          04                        
----
Count:
  15
Unique Count:
   8
Hex:
04 00 00 00 00 00 00 00 00 07 00 00 00 00 00 00
d0 07 08 00 66 00 00 00 00 33 00 00 00 00 00 00
00 00 00 00 00 00 00 00 00 00 00 04 00 00 33 06
00 00 00 00 00 00 00 00 00 00 00 00 00 00 00 00
00 00 00 00 00 00 00 00 00 00 00 00 00 00 00 00
00 00 00 00 00 00 00 00 00 00 00 00 00 00 00 00
00 00 00 00 00 00 00 00 00 00 00 00 00 00 00 00
00 00 00 00 00 00 00 00 00 00 00 00
~
00 00 00 00 00 00 00 00 00 00 00 00 00 00 00 00
00 00 00 00 00 00 00 00 00 00 00 00 00 00 00 00
00 00 00 00 00 00 00 00 00 00 00 00 00 00 00 00
00 00 00 00 00 04 00 d0 00 06 66 00 00 00 00 00
00 00 00 00 00 00 00 00 00 00 00 00 00 7d 00 00
00 00 00 00 00 00 00 00 00 00 00 00 00 00 00 00
00 00 00 00 00 00 00 00 00 00 00 00 00 00 00 00
00 00 00 00 00 00 00 00 00 00 00 00
AnimeMaker(used block: #2):
  04: ( 32, 27)
  07: ( 41, 27)
  D0: ( 48, 27)
  07: ( 49, 27)
  08: ( 50, 27)
  66: ( 52, 27)
  04: ( 53, 28)
  D0: ( 55, 28)
  33: ( 57, 27)
  06: ( 57, 28)
  66: ( 58, 28)
  04: ( 75, 27)
  7D: ( 77, 28)
  33: ( 78, 27)
  06: ( 79, 27)
Visual:
y\x| 32                         41                   48 49 50    52 53    55    57 58                                                 75    77 78 79
---+------------------------------------------------------------------------------------------------------------------------------------------------
 27| 04                         07                   D0 07 08    66             33                                                    04       33 06
 28|                                                                04    D0    06 66                                                       7D      
----
Count:
  15
Unique Count:
   8
Hex:
04 00 00 00 00 00 00 00 00 07 00 00 00 00 00 00
d0 07 08 00 66 00 00 00 00 33 00 00 00 00 00 00
00 00 00 00 00 00 00 00 00 00 00 04 00 00 33 06
00 00 00 00 00 00 00 00 00 00 00 00 00 00 00 00
00 00 00 00 00 00 00 00 00 00 00 00 00 00 00 00
00 00 00 00 00 00 00 00 00 00 00 00 00 00 00 00
00 00 00 00 00 00 00 00 00 00 00 00 00 00 00 00
00 00 00 00 00 00 00 00 00 00 00 00
~
00 00 00 00 00 00 00 00 00 00 00 00 00 00 00 00
00 00 00 00 00 00 00 00 00 00 00 00 00 00 00 00
00 00 00 00 00 00 00 00 00 00 00 00 00 00 00 00
00 00 00 00 00 d0 00 00 00 00 66 00 00 00 00 00
00 00 00 00 00 42 00 00 00 00 00 00 00 00 00 33
00 06 00 00 00 00 00 00 00 00 00 00 00 00 00 00
00 00 00 00 00 00 00 00 00 00 00 00 00 00 00 00
00 00 00 00 00 00 00 00 00 00 00 00
AnimeMaker(used block: #2):
  04: ( 32, 27)
  07: ( 41, 27)
  D0: ( 48, 27)
  07: ( 49, 27)
  08: ( 50, 27)
  66: ( 52, 27)
  D0: ( 53, 28)
  33: ( 57, 27)
  66: ( 58, 28)
  42: ( 69, 28)
  04: ( 75, 27)
  33: ( 78, 27)
  06: ( 79, 27)
  33: ( 79, 28)
  06: ( 81, 28)
Visual:
y\x| 32                         41                   48 49 50    52 53          57 58                               69                75       78 79    81
---+------------------------------------------------------------------------------------------------------------------------------------------------------
 27| 04                         07                   D0 07 08    66             33                                                    04       33 06      
 28|                                                                D0             66                               42                            33    06
----
Count:
  15
Unique Count:
   8
Hex:
04 00 00 00 00 00 00 00 00 07 00 00 00 00 00 00
d0 07 08 00 66 00 00 00 00 33 00 00 00 00 00 00
00 00 00 00 00 00 00 00 00 00 00 04 00 00 33 06
00 00 00 00 00 00 00 00 00 00 00 00 00 00 00 00
00 00 00 00 00 00 00 00 00 00 00 00 00 00 00 00
00 00 00 00 00 00 00 00 00 00 00 00 00 00 00 00
00 00 00 00 00 00 00 00 00 00 00 00 00 00 00 00
00 00 00 00 00 00 00 00 00 00 00 00
~
00 00 00 00 00 00 00 00 00 00 00 00 00 00 00 00
00 00 00 00 00 00 00 00 00 00 00 00 00 00 00 00
00 00 00 00 00 00 00 00 00 00 00 00 00 00 00 00
00 00 00 00 00 fa 00 00 00 d0 66 00 00 00 00 00
00 00 00 00 00 66 04 00 00 00 00 00 00 00 00 00
00 00 00 00 00 00 00 00 00 00 00 00 00 00 00 00
00 00 00 00 00 00 00 00 00 00 00 00 00 00 00 00
00 00 00 00 00 00 00 00 00 00 00 00
AnimeMaker(used block: #2):
  04: ( 32, 27)
  07: ( 41, 27)
  D0: ( 48, 27)
  07: ( 49, 27)
  08: ( 50, 27)
  66: ( 52, 27)
  FA: ( 53, 28)
  33: ( 57, 27)
  D0: ( 57, 28)
  66: ( 58, 28)
  66: ( 69, 28)
  04: ( 70, 28)
  04: ( 75, 27)
  33: ( 78, 27)
  06: ( 79, 27)
Visual:
y\x| 32                         41                   48 49 50    52 53          57 58                               69 70             75       78 79
---+------------------------------------------------------------------------------------------------------------------------------------------------
 27| 04                         07                   D0 07 08    66             33                                                    04       33 06
 28|                                                                FA          D0 66                               66 04                           
----
Count:
  15
Unique Count:
   8
Hex:
04 00 00 00 00 00 00 00 00 07 00 00 00 00 00 00
d0 07 08 00 66 00 00 00 00 33 00 00 00 00 00 00
00 00 00 00 00 00 00 00 00 00 00 04 00 00 33 06
00 00 00 00 00 00 00 00 00 00 00 00 00 00 00 00
00 00 00 00 00 00 00 00 00 00 00 00 00 00 00 00
00 00 00 00 00 00 00 00 00 00 00 00 00 00 00 00
00 00 00 00 00 00 00 00 00 00 00 00 00 00 00 00
00 00 00 00 00 00 00 00 00 00 00 00
~
00 00 00 00 00 00 00 00 00 00 00 00 00 00 00 00
00 00 00 00 00 00 00 00 00 00 00 00 00 00 00 00
00 00 00 00 00 00 00 00 00 00 00 00 00 00 00 00
00 00 00 00 33 00 00 00 7a 00 66 00 00 00 00 00
08 07 00 00 00 00 00 00 00 00 00 00 00 00 00 00
00 00 00 00 00 00 00 00 00 00 00 00 00 00 00 00
00 00 00 00 00 00 00 00 00 00 00 00 00 00 00 00
00 00 00 00 00 00 00 00 00 00 00 00
AnimeMaker(used block: #2):
  04: ( 32, 27)
  07: ( 41, 27)
  D0: ( 48, 27)
  07: ( 49, 27)
  08: ( 50, 27)
  66: ( 52, 27)
  33: ( 52, 28)
  7A: ( 56, 28)
  33: ( 57, 27)
  66: ( 58, 28)
  08: ( 64, 28)
  07: ( 65, 28)
  04: ( 75, 27)
  33: ( 78, 27)
  06: ( 79, 27)
Visual:
y\x| 32                         41                   48 49 50    52          56 57 58                64 65                            75       78 79
---+------------------------------------------------------------------------------------------------------------------------------------------------
 27| 04                         07                   D0 07 08    66             33                                                    04       33 06
 28|                                                             33          7A    66                08 07                                          
----
Count:
  15
Unique Count:
   8
Hex:
04 00 00 00 00 00 00 00 00 07 00 00 00 00 00 00
d0 07 08 00 66 00 00 00 00 33 00 00 00 00 00 00
00 00 00 00 00 00 00 00 00 00 00 04 00 00 33 06
00 00 00 00 00 00 00 00 00 00 00 00 00 00 00 00
00 00 00 00 00 00 00 00 00 00 00 00 00 00 00 00
00 00 00 00 00 00 00 00 00 00 00 00 00 00 00 00
00 00 00 00 00 00 00 00 00 00 00 00 00 00 00 00
00 00 00 00 00 00 00 00 00 00 00 00
~
00 00 00 00 00 00 00 00 00 00 00 00 00 00 00 00
00 00 00 00 00 00 00 00 00 00 00 00 00 00 00 00
00 00 00 00 00 00 00 00 00 00 00 00 d0 00 00 00
00 00 00 00 00 00 00 00 00 00 66 00 08 00 00 00
00 00 00 00 00 00 00 00 00 00 00 00 00 00 00 6e
00 00 00 04 00 00 00 00 00 00 00 00 00 00 00 00
00 00 00 00 00 00 00 00 00 00 00 00 00 00 00 00
00 00 00 00 00 00 00 00 00 00 00 00
AnimeMaker(used block: #2):
  04: ( 32, 27)
  07: ( 41, 27)
  D0: ( 44, 28)
  D0: ( 48, 27)
  07: ( 49, 27)
  08: ( 50, 27)
  66: ( 52, 27)
  33: ( 57, 27)
  66: ( 58, 28)
  08: ( 60, 28)
  04: ( 75, 27)
  33: ( 78, 27)
  06: ( 79, 27)
  6E: ( 79, 28)
  04: ( 83, 28)
Visual:
y\x| 32                         41       44          48 49 50    52             57 58    60                                           75       78 79          83
---+------------------------------------------------------------------------------------------------------------------------------------------------------------
 27| 04                         07                   D0 07 08    66             33                                                    04       33 06            
 28|                                     D0                                        66    08                                                       6E          04
----
?
Count:
  15
Unique Count:
   8
Hex:
04 00 00 00 00 00 00 00 00 07 00 00 00 00 00 00
d0 07 08 00 66 00 00 00 00 33 00 00 00 00 00 00
00 00 00 00 00 00 00 00 00 00 00 04 00 00 33 06
00 00 00 00 00 00 00 00 00 00 00 00 00 00 00 00
00 00 00 00 00 00 00 00 00 00 00 00 00 00 00 00
00 00 00 00 00 00 00 00 00 00 00 00 00 00 00 00
00 00 00 00 00 00 00 00 00 00 00 00 00 00 00 00
00 00 00 00 00 00 00 00 00 00 00 00
~
00 00 00 00 00 00 00 00 00 00 00 00 00 00 00 00
00 00 00 00 00 00 00 00 00 00 00 00 00 00 00 00
00 00 00 00 00 00 00 00 00 06 00 06 00 00 00 00
00 00 00 00 00 3a 00 00 00 07 66 00 00 00 00 00
00 00 00 00 00 00 00 00 00 00 00 00 00 00 00 00
00 00 00 00 00 00 00 00 00 00 00 00 00 00 00 00
00 00 00 00 00 00 00 00 00 00 00 00 00 00 00 00
00 00 00 00 00 00 00 00 00 00 00 00
AnimeMaker(used block: #2):
  04: ( 32, 27)
  07: ( 41, 27)
  06: ( 41, 28)
  06: ( 43, 28)
  D0: ( 48, 27)
  07: ( 49, 27)
  08: ( 50, 27)
  66: ( 52, 27)
  3A: ( 53, 28)
  33: ( 57, 27)
  07: ( 57, 28)
  66: ( 58, 28)
  04: ( 75, 27)
  33: ( 78, 27)
  06: ( 79, 27)
Visual:
y\x| 32                         41    43             48 49 50    52 53          57 58                                                 75       78 79
---+------------------------------------------------------------------------------------------------------------------------------------------------
 27| 04                         07                   D0 07 08    66             33                                                    04       33 06
 28|                            06    06                            3A          07 66                                                               
----
Count:
  15
Unique Count:
   8
Hex:
04 00 00 00 00 00 00 00 00 07 00 00 00 00 00 00
d0 07 08 00 66 00 00 00 00 33 00 00 00 00 00 00
00 00 00 00 00 00 00 00 00 00 00 04 00 00 33 06
00 00 00 00 00 00 00 00 00 00 00 00 00 00 00 00
00 00 00 00 00 00 00 00 00 00 00 00 00 00 00 00
00 00 00 00 00 00 00 00 00 00 00 00 00 00 00 00
00 00 00 00 00 00 00 00 00 00 00 00 00 00 00 00
00 00 00 00 00 00 00 00 00 00 00 00
~
00 00 00 00 00 00 00 00 00 00 00 00 00 00 00 00
00 00 00 00 00 00 00 00 00 00 00 00 00 00 00 00
00 00 00 00 00 00 00 00 00 07 00 00 00 00 00 00
00 00 00 00 00 66 00 00 00 00 66 00 00 00 00 00
00 00 00 00 00 00 00 00 00 00 00 00 00 00 00 00
00 00 00 f7 00 00 00 66 00 00 00 00 00 00 00 00
00 00 00 00 00 00 00 00 00 00 00 00 00 00 00 00
00 00 00 00 00 00 00 00 00 00 00 00
AnimeMaker(used block: #2):
  04: ( 32, 27)
  07: ( 41, 27..28)
  D0: ( 48, 27)
  07: ( 49, 27)
  08: ( 50, 27)
  66: ( 52, 27)
  66: ( 53, 28)
  33: ( 57, 27)
  66: ( 58, 28)
  04: ( 75, 27)
  33: ( 78, 27)
  06: ( 79, 27)
  F7: ( 83, 28)
  66: ( 87, 28)
Visual:
y\x| 32                         41                   48 49 50    52 53          57 58                                                 75       78 79          83          87
---+------------------------------------------------------------------------------------------------------------------------------------------------------------------------
 27| 04                         07                   D0 07 08    66             33                                                    04       33 06                        
 28|                            07                                  66             66                                                                         F7          66
----
Count:
  15
Unique Count:
   8
Hex:
04 00 00 00 00 00 00 00 00 07 00 00 00 00 00 00
d0 07 08 00 66 00 00 00 00 33 00 00 00 00 00 00
00 00 00 00 00 00 00 00 00 00 00 04 00 00 33 06
00 00 00 00 00 00 00 00 00 00 00 00 00 00 00 00
00 00 00 00 00 00 00 00 00 00 00 00 00 00 00 00
00 00 00 00 00 00 00 00 00 00 00 00 00 00 00 00
00 00 00 00 00 00 00 00 00 00 00 00 00 00 00 00
00 00 00 00 00 00 00 00 00 00 00 00
~
00 00 00 00 00 00 00 00 00 00 00 00 00 00 00 00
00 00 00 00 00 00 00 00 00 00 00 00 00 00 00 00
00 00 00 00 00 00 00 00 00 80 00 00 00 00 00 00
00 00 00 00 00 00 00 00 00 00 66 00 00 04 00 00
00 00 00 00 00 00 00 00 00 00 08 00 00 00 00 00
00 00 00 00 66 00 00 00 00 00 00 00 00 00 00 00
00 00 00 00 00 00 00 00 00 00 00 00 00 00 00 00
00 00 00 00 00 00 00 00 00 00 00 00
AnimeMaker(used block: #2):
  04: ( 32, 27)
  07: ( 41, 27)
  80: ( 41, 28)
  D0: ( 48, 27)
  07: ( 49, 27)
  08: ( 50, 27)
  66: ( 52, 27)
  33: ( 57, 27)
  66: ( 58, 28)
  04: ( 61, 28)
  08: ( 74, 28)
  04: ( 75, 27)
  33: ( 78, 27)
  06: ( 79, 27)
  66: ( 84, 28)
Visual:
y\x| 32                         41                   48 49 50    52             57 58       61                                     74 75       78 79             84
---+---------------------------------------------------------------------------------------------------------------------------------------------------------------
 27| 04                         07                   D0 07 08    66             33                                                    04       33 06               
 28|                            80                                                 66       04                                     08                            66
----
Count:
  15
Unique Count:
   8
Hex:
04 00 00 00 00 00 00 00 00 07 00 00 00 00 00 00
d0 07 08 00 66 00 00 00 00 33 00 00 00 00 00 00
00 00 00 00 00 00 00 00 00 00 00 04 00 00 33 06
00 00 00 00 00 00 00 00 00 00 00 00 00 00 00 00
00 00 00 00 00 00 00 00 00 00 00 00 00 00 00 00
00 00 00 00 00 00 00 00 00 00 00 00 00 00 00 00
00 00 00 00 00 00 00 00 00 00 00 00 00 00 00 00
00 00 00 00 00 00 00 00 00 00 00 00
~
00 00 00 00 00 00 00 00 00 00 00 00 00 00 00 00
00 00 00 00 00 00 00 00 00 00 00 00 00 00 00 00
00 00 00 00 00 00 00 00 04 00 00 00 00 00 00 00
00 00 66 00 00 00 00 00 00 00 67 00 00 00 67 00
00 00 00 00 00 07 00 00 00 00 00 00 00 00 00 00
00 00 00 00 00 00 00 00 00 00 00 00 00 00 00 00
00 00 00 00 00 00 00 00 00 00 00 00 00 00 00 00
00 00 00 00 00 00 00 00 00 00 00 00
AnimeMaker(used block: #2):
  04: ( 32, 27)
  04: ( 40, 28)
  07: ( 41, 27)
  D0: ( 48, 27)
  07: ( 49, 27)
  08: ( 50, 27)
  66: ( 50, 28)
  66: ( 52, 27)
  33: ( 57, 27)
  67: ( 58, 28)
  67: ( 62, 28)
  07: ( 69, 28)
  04: ( 75, 27)
  33: ( 78, 27)
  06: ( 79, 27)
Visual:
y\x| 32                      40 41                   48 49 50    52             57 58          62                   69                75       78 79
---+------------------------------------------------------------------------------------------------------------------------------------------------
 27| 04                         07                   D0 07 08    66             33                                                    04       33 06
 28|                         04                            66                      67          67                   07                              
----
Count:
  15
Unique Count:
   8
Hex:
04 00 00 00 00 00 00 00 00 07 00 00 00 00 00 00
d0 07 08 00 66 00 00 00 00 33 00 00 00 00 00 00
00 00 00 00 00 00 00 00 00 00 00 04 00 00 33 06
00 00 00 00 00 00 00 00 00 00 00 00 00 00 00 00
00 00 00 00 00 00 00 00 00 00 00 00 00 00 00 00
00 00 00 00 00 00 00 00 00 00 00 00 00 00 00 00
00 00 00 00 00 00 00 00 00 00 00 00 00 00 00 00
00 00 00 00 00 00 00 00 00 00 00 00
~
00 00 00 00 00 00 00 00 00 00 00 00 00 00 00 00
00 00 00 00 00 00 00 00 00 00 00 00 00 00 00 00
00 00 00 00 00 00 00 00 bb 00 00 00 00 00 00 00
00 00 00 00 00 00 00 00 00 00 66 00 00 00 00 00
00 00 00 00 00 00 00 00 00 33 00 00 00 00 00 00
00 00 08 00 00 00 08 00 00 00 00 00 00 00 00 00
00 00 00 00 00 00 00 00 00 00 00 00 00 00 00 00
00 00 00 00 00 00 00 00 00 00 00 00
AnimeMaker(used block: #2):
  04: ( 32, 27)
  BB: ( 40, 28)
  07: ( 41, 27)
  D0: ( 48, 27)
  07: ( 49, 27)
  08: ( 50, 27)
  66: ( 52, 27)
  33: ( 57, 27)
  66: ( 58, 28)
  33: ( 73, 28)
  04: ( 75, 27)
  33: ( 78, 27)
  06: ( 79, 27)
  08: ( 82, 28)
  08: ( 86, 28)
Visual:
y\x| 32                      40 41                   48 49 50    52             57 58                                           73    75       78 79       82          86
---+---------------------------------------------------------------------------------------------------------------------------------------------------------------------
 27| 04                         07                   D0 07 08    66             33                                                    04       33 06                     
 28|                         BB                                                    66                                           33                         08          08
----
Count:
  15
Unique Count:
   8
Hex:
04 00 00 00 00 00 00 00 00 07 00 00 00 00 00 00
d0 07 08 00 66 00 00 00 00 33 00 00 00 00 00 00
00 00 00 00 00 00 00 00 00 00 00 04 00 00 33 06
00 00 00 00 00 00 00 00 00 00 00 00 00 00 00 00
00 00 00 00 00 00 00 00 00 00 00 00 00 00 00 00
00 00 00 00 00 00 00 00 00 00 00 00 00 00 00 00
00 00 00 00 00 00 00 00 00 00 00 00 00 00 00 00
00 00 00 00 00 00 00 00 00 00 00 00
~
00 00 00 00 00 00 00 00 00 00 00 00 00 00 00 00
00 00 00 00 00 00 00 00 00 00 00 00 00 00 00 00
00 00 00 00 00 00 00 04 00 00 00 00 00 00 00 00
00 00 00 45 00 00 00 00 00 00 66 00 00 00 00 00
00 00 00 00 00 00 66 00 04 00 00 00 00 00 00 00
00 00 00 00 00 00 00 00 00 00 00 00 00 00 00 00
00 00 00 00 00 00 00 00 00 00 00 00 00 00 00 00
00 00 00 00 00 00 00 00 00 00 00 00
AnimeMaker(used block: #2):
  04: ( 32, 27)
  04: ( 39, 28)
  07: ( 41, 27)
  D0: ( 48, 27)
  07: ( 49, 27)
  08: ( 50, 27)
  45: ( 51, 28)
  66: ( 52, 27)
  33: ( 57, 27)
  66: ( 58, 28)
  66: ( 70, 28)
  04: ( 72, 28)
  04: ( 75, 27)
  33: ( 78, 27)
  06: ( 79, 27)
Visual:
y\x| 32                   39    41                   48 49 50 51 52             57 58                                  70    72       75       78 79
---+------------------------------------------------------------------------------------------------------------------------------------------------
 27| 04                         07                   D0 07 08    66             33                                                    04       33 06
 28|                      04                                  45                   66                                  66    04                     
----
?
Count:
  15
Unique Count:
   8
Hex:
04 00 00 00 00 00 00 00 00 07 00 00 00 00 00 00
d0 07 08 00 66 00 00 00 00 33 00 00 00 00 00 00
00 00 00 00 00 00 00 00 00 00 00 04 00 00 33 06
00 00 00 00 00 00 00 00 00 00 00 00 00 00 00 00
00 00 00 00 00 00 00 00 00 00 00 00 00 00 00 00
00 00 00 00 00 00 00 00 00 00 00 00 00 00 00 00
00 00 00 00 00 00 00 00 00 00 00 00 00 00 00 00
00 00 00 00 00 00 00 00 00 00 00 00
~
00 00 00 00 00 00 00 00 00 00 00 00 00 00 00 00
00 00 00 00 00 00 00 00 00 00 00 00 00 00 00 00
00 00 00 00 00 06 00 00 00 00 00 00 00 00 00 00
00 00 00 00 00 00 00 00 00 00 6f 00 00 04 06 00
00 00 00 00 00 00 00 00 00 00 00 00 00 00 00 00
00 08 00 00 00 00 00 00 00 00 00 00 00 00 00 00
00 00 00 00 00 00 00 00 00 00 00 00 00 00 00 00
00 00 00 00 00 00 00 00 00 00 00 00
AnimeMaker(used block: #2):
  04: ( 32, 27)
  06: ( 37, 28)
  07: ( 41, 27)
  D0: ( 48, 27)
  07: ( 49, 27)
  08: ( 50, 27)
  66: ( 52, 27)
  33: ( 57, 27)
  6F: ( 58, 28)
  04: ( 61, 28)
  06: ( 62, 28)
  04: ( 75, 27)
  33: ( 78, 27)
  06: ( 79, 27)
  08: ( 81, 28)
Visual:
y\x| 32             37          41                   48 49 50    52             57 58       61 62                                     75       78 79    81
---+------------------------------------------------------------------------------------------------------------------------------------------------------
 27| 04                         07                   D0 07 08    66             33                                                    04       33 06      
 28|                06                                                             6F       04 06                                                       08
----
Count:
  15
Unique Count:
   8
Hex:
04 00 00 00 00 00 00 00 00 07 00 00 00 00 00 00
d0 07 08 00 66 00 00 00 00 33 00 00 00 00 00 00
00 00 00 00 00 00 00 00 00 00 00 04 00 00 33 06
00 00 00 00 00 00 00 00 00 00 00 00 00 00 00 00
00 00 00 00 00 00 00 00 00 00 00 00 00 00 00 00
00 00 00 00 00 00 00 00 00 00 00 00 00 00 00 00
00 00 00 00 00 00 00 00 00 00 00 00 00 00 00 00
00 00 00 00 00 00 00 00 00 00 00 00
~
00 00 00 00 00 00 00 00 00 00 00 00 00 00 00 00
00 00 00 00 00 00 00 00 00 00 00 00 00 00 00 00
00 00 00 00 00 07 d0 00 00 00 00 00 00 00 00 00
00 00 00 00 00 00 00 00 00 00 66 00 00 00 00 00
00 00 00 00 00 00 00 00 00 00 00 00 00 00 00 f5
00 66 00 00 00 00 00 00 00 00 00 00 00 00 00 00
00 00 00 00 00 00 00 00 00 00 00 00 00 00 00 00
00 00 00 00 00 00 00 00 00 00 00 00
AnimeMaker(used block: #2):
  04: ( 32, 27)
  07: ( 37, 28)
  D0: ( 38, 28)
  07: ( 41, 27)
  D0: ( 48, 27)
  07: ( 49, 27)
  08: ( 50, 27)
  66: ( 52, 27)
  33: ( 57, 27)
  66: ( 58, 28)
  04: ( 75, 27)
  33: ( 78, 27)
  06: ( 79, 27)
  F5: ( 79, 28)
  66: ( 81, 28)
Visual:
y\x| 32             37 38       41                   48 49 50    52             57 58                                                 75       78 79    81
---+------------------------------------------------------------------------------------------------------------------------------------------------------
 27| 04                         07                   D0 07 08    66             33                                                    04       33 06      
 28|                07 D0                                                          66                                                             F5    66
----
Count:
  15
Unique Count:
   8
Hex:
04 00 00 00 00 00 00 00 00 07 00 00 00 00 00 00
d0 07 08 00 66 00 00 00 00 33 00 00 00 00 00 00
00 00 00 00 00 00 00 00 00 00 00 04 00 00 33 06
00 00 00 00 00 00 00 00 00 00 00 00 00 00 00 00
00 00 00 00 00 00 00 00 00 00 00 00 00 00 00 00
00 00 00 00 00 00 00 00 00 00 00 00 00 00 00 00
00 00 00 00 00 00 00 00 00 00 00 00 00 00 00 00
00 00 00 00 00 00 00 00 00 00 00 00
~
00 00 00 00 00 00 00 00 00 00 00 00 00 00 00 00
00 00 00 00 00 00 00 00 00 00 00 00 00 00 00 00
00 00 00 00 00 45 00 00 00 00 00 00 00 00 00 00
00 00 00 08 00 00 00 00 00 00 66 00 00 00 00 00
00 00 00 00 00 00 00 00 00 00 00 00 04 00 00 00
00 00 00 00 00 08 00 00 00 00 00 00 00 00 00 00
00 00 00 00 00 00 00 00 00 00 00 00 00 00 00 00
00 00 00 00 00 00 00 00 00 00 00 00
AnimeMaker(used block: #2):
  04: ( 32, 27)
  45: ( 37, 28)
  07: ( 41, 27)
  D0: ( 48, 27)
  07: ( 49, 27)
  08: ( 50, 27)
  08: ( 51, 28)
  66: ( 52, 27)
  33: ( 57, 27)
  66: ( 58, 28)
  04: ( 75, 27)
  04: ( 76, 28)
  33: ( 78, 27)
  06: ( 79, 27)
  08: ( 85, 28)
Visual:
y\x| 32             37          41                   48 49 50 51 52             57 58                                                 75 76    78 79                85
---+------------------------------------------------------------------------------------------------------------------------------------------------------------------
 27| 04                         07                   D0 07 08    66             33                                                    04       33 06                  
 28|                45                                        08                   66                                                    04                         08
----
Count:
  15
Unique Count:
   8
Hex:
04 00 00 00 00 00 00 00 00 07 00 00 00 00 00 00
d0 07 08 00 66 00 00 00 00 33 00 00 00 00 00 00
00 00 00 00 00 00 00 00 00 00 00 04 00 00 33 06
00 00 00 00 00 00 00 00 00 00 00 00 00 00 00 00
00 00 00 00 00 00 00 00 00 00 00 00 00 00 00 00
00 00 00 00 00 00 00 00 00 00 00 00 00 00 00 00
00 00 00 00 00 00 00 00 00 00 00 00 00 00 00 00
00 00 00 00 00 00 00 00 00 00 00 00
~
00 00 00 00 00 00 00 00 00 00 00 00 00 00 00 00
00 00 00 00 00 00 00 00 00 00 00 00 00 00 00 00
00 00 00 00 af 00 00 00 00 00 00 00 00 00 00 00
00 00 00 00 00 00 00 00 00 00 66 00 00 00 d0 00
00 00 00 af 00 00 00 00 00 00 00 00 00 00 00 00
00 00 00 00 d0 00 00 00 00 00 00 00 00 00 00 00
00 00 00 00 00 00 00 00 00 00 00 00 00 00 00 00
00 00 00 00 00 00 00 00 00 00 00 00
AnimeMaker(used block: #2):
  04: ( 32, 27)
  AF: ( 36, 28)
  07: ( 41, 27)
  D0: ( 48, 27)
  07: ( 49, 27)
  08: ( 50, 27)
  66: ( 52, 27)
  33: ( 57, 27)
  66: ( 58, 28)
  D0: ( 62, 28)
  AF: ( 67, 28)
  04: ( 75, 27)
  33: ( 78, 27)
  06: ( 79, 27)
  D0: ( 84, 28)
Visual:
y\x| 32          36             41                   48 49 50    52             57 58          62             67                      75       78 79             84
---+---------------------------------------------------------------------------------------------------------------------------------------------------------------
 27| 04                         07                   D0 07 08    66             33                                                    04       33 06               
 28|             AF                                                                66          D0             AF                                                 D0
----
Count:
  15
Unique Count:
   8
Hex:
04 00 00 00 00 00 00 00 00 07 00 00 00 00 00 00
d0 07 08 00 66 00 00 00 00 33 00 00 00 00 00 00
00 00 00 00 00 00 00 00 00 00 00 04 00 00 33 06
00 00 00 00 00 00 00 00 00 00 00 00 00 00 00 00
00 00 00 00 00 00 00 00 00 00 00 00 00 00 00 00
00 00 00 00 00 00 00 00 00 00 00 00 00 00 00 00
00 00 00 00 00 00 00 00 00 00 00 00 00 00 00 00
00 00 00 00 00 00 00 00 00 00 00 00
~
00 00 00 00 00 00 00 00 00 00 00 00 00 00 00 00
00 00 00 00 00 00 00 00 00 00 00 00 00 00 00 00
00 00 00 00 d0 00 00 00 00 00 00 00 00 00 00 00
00 00 00 7d 08 00 00 00 00 00 66 00 00 00 00 00
00 00 00 00 00 00 00 00 00 00 00 00 00 00 00 00
00 08 00 00 00 00 00 00 00 00 00 00 00 00 00 00
00 00 00 00 00 00 00 00 00 00 00 00 00 00 00 00
00 00 00 00 00 00 00 00 00 00 00 00
AnimeMaker(used block: #2):
  04: ( 32, 27)
  D0: ( 36, 28)
  07: ( 41, 27)
  D0: ( 48, 27)
  07: ( 49, 27)
  08: ( 50, 27)
  7D: ( 51, 28)
  66: ( 52, 27)
  08: ( 52, 28)
  33: ( 57, 27)
  66: ( 58, 28)
  04: ( 75, 27)
  33: ( 78, 27)
  06: ( 79, 27)
  08: ( 81, 28)
Visual:
y\x| 32          36             41                   48 49 50 51 52             57 58                                                 75       78 79    81
---+------------------------------------------------------------------------------------------------------------------------------------------------------
 27| 04                         07                   D0 07 08    66             33                                                    04       33 06      
 28|             D0                                           7D 08                66                                                                   08
----
Count:
  15
Unique Count:
   8
Hex:
04 00 00 00 00 00 00 00 00 07 00 00 00 00 00 00
d0 07 08 00 66 00 00 00 00 33 00 00 00 00 00 00
00 00 00 00 00 00 00 00 00 00 00 04 00 00 33 06
00 00 00 00 00 00 00 00 00 00 00 00 00 00 00 00
00 00 00 00 00 00 00 00 00 00 00 00 00 00 00 00
00 00 00 00 00 00 00 00 00 00 00 00 00 00 00 00
00 00 00 00 00 00 00 00 00 00 00 00 00 00 00 00
00 00 00 00 00 00 00 00 00 00 00 00
~
00 00 00 00 00 00 00 00 00 00 00 00 00 00 00 00
00 00 00 00 00 00 00 00 00 00 00 00 00 00 00 00
00 00 00 06 f0 00 00 00 07 00 00 00 00 00 00 00
00 00 00 00 00 00 00 00 00 00 66 00 00 00 00 00
00 00 00 00 00 00 00 00 00 00 00 00 00 00 00 00
00 00 00 00 00 00 08 00 00 00 00 00 00 00 00 00
00 00 00 00 00 00 00 00 00 00 00 00 00 00 00 00
00 00 00 00 00 00 00 00 00 00 00 00
AnimeMaker(used block: #2):
  04: ( 32, 27)
  06: ( 35, 28)
  F0: ( 36, 28)
  07: ( 40, 28)
  07: ( 41, 27)
  D0: ( 48, 27)
  07: ( 49, 27)
  08: ( 50, 27)
  66: ( 52, 27)
  33: ( 57, 27)
  66: ( 58, 28)
  04: ( 75, 27)
  33: ( 78, 27)
  06: ( 79, 27)
  08: ( 86, 28)
Visual:
y\x| 32       35 36          40 41                   48 49 50    52             57 58                                                 75       78 79                   86
---+---------------------------------------------------------------------------------------------------------------------------------------------------------------------
 27| 04                         07                   D0 07 08    66             33                                                    04       33 06                     
 28|          06 F0          07                                                    66                                                                                  08
----
Count:
  15
Unique Count:
   8
Hex:
04 00 00 00 00 00 00 00 00 07 00 00 00 00 00 00
d0 07 08 00 66 00 00 00 00 33 00 00 00 00 00 00
00 00 00 00 00 00 00 00 00 00 00 04 00 00 33 06
00 00 00 00 00 00 00 00 00 00 00 00 00 00 00 00
00 00 00 00 00 00 00 00 00 00 00 00 00 00 00 00
00 00 00 00 00 00 00 00 00 00 00 00 00 00 00 00
00 00 00 00 00 00 00 00 00 00 00 00 00 00 00 00
00 00 00 00 00 00 00 00 00 00 00 00
~
00 00 00 00 00 00 00 00 00 00 00 00 00 00 00 00
00 00 00 00 00 00 00 00 00 00 00 00 00 00 00 00
00 00 00 33 06 00 ec 00 00 00 00 00 00 00 00 00
00 00 00 00 00 00 06 00 00 00 66 00 00 00 00 00
00 00 00 00 00 00 00 00 00 00 00 00 00 00 00 00
00 00 00 00 00 00 00 00 00 00 00 00 00 00 00 00
00 00 00 00 00 00 00 00 00 00 00 00 00 00 00 00
00 00 00 00 00 00 00 00 00 00 00 00
AnimeMaker(used block: #2):
  04: ( 32, 27)
  33: ( 35, 28)
  06: ( 36, 28)
  EC: ( 38, 28)
  07: ( 41, 27)
  D0: ( 48, 27)
  07: ( 49, 27)
  08: ( 50, 27)
  66: ( 52, 27)
  06: ( 54, 28)
  33: ( 57, 27)
  66: ( 58, 28)
  04: ( 75, 27)
  33: ( 78, 27)
  06: ( 79, 27)
Visual:
y\x| 32       35 36    38       41                   48 49 50    52    54       57 58                                                 75       78 79
---+------------------------------------------------------------------------------------------------------------------------------------------------
 27| 04                         07                   D0 07 08    66             33                                                    04       33 06
 28|          33 06    EC                                              06          66                                                               
----
?
Count:
  15
Unique Count:
   8
Hex:
04 00 00 00 00 00 00 00 00 07 00 00 00 00 00 00
d0 07 08 00 66 00 00 00 00 33 00 00 00 00 00 00
00 00 00 00 00 00 00 00 00 00 00 04 00 00 33 06
00 00 00 00 00 00 00 00 00 00 00 00 00 00 00 00
00 00 00 00 00 00 00 00 00 00 00 00 00 00 00 00
00 00 00 00 00 00 00 00 00 00 00 00 00 00 00 00
00 00 00 00 00 00 00 00 00 00 00 00 00 00 00 00
00 00 00 00 00 00 00 00 00 00 00 00
~
00 00 00 00 00 00 00 00 00 00 00 00 00 00 00 00
00 00 00 00 00 00 00 00 00 00 00 00 00 00 00 00
00 00 00 66 00 00 00 00 00 66 00 00 00 00 00 00
00 00 00 00 00 00 00 00 00 00 66 00 00 00 05 00
00 00 00 00 00 00 00 00 00 00 00 00 00 00 00 00
00 00 00 05 00 00 00 00 00 00 00 00 00 00 00 00
00 00 00 00 00 00 00 00 00 00 00 00 00 00 00 00
00 00 00 00 00 00 00 00 00 00 00 00
AnimeMaker(used block: #2):
  04: ( 32, 27)
  66: ( 35, 28)
  07: ( 41, 27)
  66: ( 41, 28)
  D0: ( 48, 27)
  07: ( 49, 27)
  08: ( 50, 27)
  66: ( 52, 27)
  33: ( 57, 27)
  66: ( 58, 28)
  05: ( 62, 28)
  04: ( 75, 27)
  33: ( 78, 27)
  06: ( 79, 27)
  05: ( 83, 28)
Visual:
y\x| 32       35                41                   48 49 50    52             57 58          62                                     75       78 79          83
---+------------------------------------------------------------------------------------------------------------------------------------------------------------
 27| 04                         07                   D0 07 08    66             33                                                    04       33 06            
 28|          66                66                                                 66          05                                                             05
----
Count:
  15
Unique Count:
   8
Hex:
04 00 00 00 00 00 00 00 00 07 00 00 00 00 00 00
d0 07 08 00 66 00 00 00 00 33 00 00 00 00 00 00
00 00 00 00 00 00 00 00 00 00 00 04 00 00 33 06
00 00 00 00 00 00 00 00 00 00 00 00 00 00 00 00
00 00 00 00 00 00 00 00 00 00 00 00 00 00 00 00
00 00 00 00 00 00 00 00 00 00 00 00 00 00 00 00
00 00 00 00 00 00 00 00 00 00 00 00 00 00 00 00
00 00 00 00 00 00 00 00 00 00 00 00
~
00 00 00 00 00 00 00 00 00 00 00 00 00 00 00 00
00 00 00 00 00 00 00 00 00 00 00 00 00 00 00 00
00 00 00 82 00 00 00 00 00 00 00 00 00 00 00 00
00 00 00 00 00 00 00 00 00 00 66 00 00 00 00 82
00 00 00 00 00 00 00 00 33 00 66 00 00 00 00 00
00 00 00 00 00 00 00 00 00 00 00 00 00 00 00 00
00 00 00 00 00 00 00 00 00 00 00 00 00 00 00 00
00 00 00 00 00 00 00 00 00 00 00 00
AnimeMaker(used block: #2):
  04: ( 32, 27)
  82: ( 35, 28)
  07: ( 41, 27)
  D0: ( 48, 27)
  07: ( 49, 27)
  08: ( 50, 27)
  66: ( 52, 27)
  33: ( 57, 27)
  66: ( 58, 28)
  82: ( 63, 28)
  33: ( 72, 28)
  66: ( 74, 28)
  04: ( 75, 27)
  33: ( 78, 27)
  06: ( 79, 27)
Visual:
y\x| 32       35                41                   48 49 50    52             57 58             63                         72    74 75       78 79
---+------------------------------------------------------------------------------------------------------------------------------------------------
 27| 04                         07                   D0 07 08    66             33                                                    04       33 06
 28|          82                                                                   66             82                         33    66               
----
Count:
  15
Unique Count:
   8
Hex:
04 00 00 00 00 00 00 00 00 07 00 00 00 00 00 00
d0 07 08 00 66 00 00 00 00 33 00 00 00 00 00 00
00 00 00 00 00 00 00 00 00 00 00 04 00 00 33 06
00 00 00 00 00 00 00 00 00 00 00 00 00 00 00 00
00 00 00 00 00 00 00 00 00 00 00 00 00 00 00 00
00 00 00 00 00 00 00 00 00 00 00 00 00 00 00 00
00 00 00 00 00 00 00 00 00 00 00 00 00 00 00 00
00 00 00 00 00 00 00 00 00 00 00 00
~
00 00 00 00 00 00 00 00 00 00 00 00 00 00 00 00
00 00 00 00 00 00 00 00 00 00 00 00 00 00 00 00
00 00 2a 00 00 00 00 00 00 00 00 00 00 00 00 00
00 00 00 00 00 00 00 00 07 00 66 00 00 00 00 00
07 00 00 00 00 00 00 00 00 00 00 00 00 00 00 00
00 66 00 00 00 00 00 00 00 00 00 00 00 00 00 00
00 00 00 00 00 00 00 00 00 00 00 00 00 00 00 00
00 00 00 00 00 00 00 00 00 00 00 00
AnimeMaker(used block: #2):
  04: ( 32, 27)
  2A: ( 34, 28)
  07: ( 41, 27)
  D0: ( 48, 27)
  07: ( 49, 27)
  08: ( 50, 27)
  66: ( 52, 27)
  07: ( 56, 28)
  33: ( 57, 27)
  66: ( 58, 28)
  07: ( 64, 28)
  04: ( 75, 27)
  33: ( 78, 27)
  06: ( 79, 27)
  66: ( 81, 28)
Visual:
y\x| 32    34                   41                   48 49 50    52          56 57 58                64                               75       78 79    81
---+------------------------------------------------------------------------------------------------------------------------------------------------------
 27| 04                         07                   D0 07 08    66             33                                                    04       33 06      
 28|       2A                                                                07    66                07                                                 66
----
Count:
  15
Unique Count:
   8
Hex:
04 00 00 00 00 00 00 00 00 07 00 00 00 00 00 00
d0 07 08 00 66 00 00 00 00 33 00 00 00 00 00 00
00 00 00 00 00 00 00 00 00 00 00 04 00 00 33 06
00 00 00 00 00 00 00 00 00 00 00 00 00 00 00 00
00 00 00 00 00 00 00 00 00 00 00 00 00 00 00 00
00 00 00 00 00 00 00 00 00 00 00 00 00 00 00 00
00 00 00 00 00 00 00 00 00 00 00 00 00 00 00 00
00 00 00 00 00 00 00 00 00 00 00 00
~
00 00 00 00 00 00 00 00 00 00 00 00 00 00 00 00
00 00 00 00 00 00 00 00 00 00 00 00 00 00 00 00
00 00 33 00 00 00 00 00 00 00 00 00 00 00 00 00
54 00 00 00 00 00 00 00 00 00 66 00 00 00 00 00
00 00 00 00 00 00 00 00 00 00 00 06 00 00 00 00
00 00 66 00 00 00 00 00 00 00 00 00 00 00 00 00
00 00 00 00 00 00 00 00 00 00 00 00 00 00 00 00
00 00 00 00 00 00 00 00 00 00 00 00
AnimeMaker(used block: #2):
  04: ( 32, 27)
  33: ( 34, 28)
  07: ( 41, 27)
  D0: ( 48, 27)
  54: ( 48, 28)
  07: ( 49, 27)
  08: ( 50, 27)
  66: ( 52, 27)
  33: ( 57, 27)
  66: ( 58, 28)
  04: ( 75, 27)
  06: ( 75, 28)
  33: ( 78, 27)
  06: ( 79, 27)
  66: ( 82, 28)
Visual:
y\x| 32    34                   41                   48 49 50    52             57 58                                                 75       78 79       82
---+---------------------------------------------------------------------------------------------------------------------------------------------------------
 27| 04                         07                   D0 07 08    66             33                                                    04       33 06         
 28|       33                                        54                            66                                                 06                   66
----
Count:
  15
Unique Count:
   8
Hex:
04 00 00 00 00 00 00 00 00 07 00 00 00 00 00 00
d0 07 08 00 66 00 00 00 00 33 00 00 00 00 00 00
00 00 00 00 00 00 00 00 00 00 00 04 00 00 33 06
00 00 00 00 00 00 00 00 00 00 00 00 00 00 00 00
00 00 00 00 00 00 00 00 00 00 00 00 00 00 00 00
00 00 00 00 00 00 00 00 00 00 00 00 00 00 00 00
00 00 00 00 00 00 00 00 00 00 00 00 00 00 00 00
00 00 00 00 00 00 00 00 00 00 00 00
~
00 00 00 00 00 00 00 00 00 00 00 00 00 00 00 00
00 00 00 00 00 00 00 00 00 00 00 00 00 00 00 00
00 00 cc 00 00 00 00 00 00 00 00 00 00 00 00 00
00 00 00 00 07 00 00 00 00 00 66 00 00 00 00 00
00 00 07 00 00 00 00 00 00 33 00 00 00 00 00 00
00 00 00 00 00 00 00 00 00 00 00 00 00 00 00 00
00 00 00 00 00 00 00 00 00 00 00 00 00 00 00 00
00 00 00 00 00 00 00 00 00 00 00 00
AnimeMaker(used block: #2):
  04: ( 32, 27)
  CC: ( 34, 28)
  07: ( 41, 27)
  D0: ( 48, 27)
  07: ( 49, 27)
  08: ( 50, 27)
  66: ( 52, 27)
  07: ( 52, 28)
  33: ( 57, 27)
  66: ( 58, 28)
  07: ( 66, 28)
  33: ( 73, 28)
  04: ( 75, 27)
  33: ( 78, 27)
  06: ( 79, 27)
Visual:
y\x| 32    34                   41                   48 49 50    52             57 58                      66                   73    75       78 79
---+------------------------------------------------------------------------------------------------------------------------------------------------
 27| 04                         07                   D0 07 08    66             33                                                    04       33 06
 28|       CC                                                    07                66                      07                   33                  
----
Count:
  15
Unique Count:
   8
Hex:
04 00 00 00 00 00 00 00 00 07 00 00 00 00 00 00
d0 07 08 00 66 00 00 00 00 33 00 00 00 00 00 00
00 00 00 00 00 00 00 00 00 00 00 04 00 00 33 06
00 00 00 00 00 00 00 00 00 00 00 00 00 00 00 00
00 00 00 00 00 00 00 00 00 00 00 00 00 00 00 00
00 00 00 00 00 00 00 00 00 00 00 00 00 00 00 00
00 00 00 00 00 00 00 00 00 00 00 00 00 00 00 00
00 00 00 00 00 00 00 00 00 00 00 00
~
00 00 00 00 00 00 00 00 00 00 00 00 00 00 00 00
00 00 00 00 00 00 00 00 00 00 00 00 00 00 00 00
00 33 00 00 00 00 00 00 00 00 00 00 00 00 00 00
00 00 00 00 00 00 00 00 00 00 6d 00 00 00 00 00
00 07 00 04 00 00 00 00 00 00 00 00 00 00 00 00
00 00 00 00 00 6d 00 00 00 00 00 00 00 00 00 00
00 00 00 00 00 00 00 00 00 00 00 00 00 00 00 00
00 00 00 00 00 00 00 00 00 00 00 00
AnimeMaker(used block: #2):
  04: ( 32, 27)
  33: ( 33, 28)
  07: ( 41, 27)
  D0: ( 48, 27)
  07: ( 49, 27)
  08: ( 50, 27)
  66: ( 52, 27)
  33: ( 57, 27)
  6D: ( 58, 28)
  07: ( 65, 28)
  04: ( 67, 28)
  04: ( 75, 27)
  33: ( 78, 27)
  06: ( 79, 27)
  6D: ( 85, 28)
Visual:
y\x| 32 33                      41                   48 49 50    52             57 58                   65    67                      75       78 79                85
---+------------------------------------------------------------------------------------------------------------------------------------------------------------------
 27| 04                         07                   D0 07 08    66             33                                                    04       33 06                  
 28|    33                                                                         6D                   07    04                                                    6D
----
Count:
  15
Unique Count:
   8
Hex:
04 00 00 00 00 00 00 00 00 07 00 00 00 00 00 00
d0 07 08 00 66 00 00 00 00 33 00 00 00 00 00 00
00 00 00 00 00 00 00 00 00 00 00 04 00 00 33 06
00 00 00 00 00 00 00 00 00 00 00 00 00 00 00 00
00 00 00 00 00 00 00 00 00 00 00 00 00 00 00 00
00 00 00 00 00 00 00 00 00 00 00 00 00 00 00 00
00 00 00 00 00 00 00 00 00 00 00 00 00 00 00 00
00 00 00 00 00 00 00 00 00 00 00 00
~
00 00 00 00 00 00 00 00 00 00 00 00 00 00 00 00
00 00 00 00 00 00 00 00 00 00 00 00 00 00 00 00
07 00 00 00 00 00 00 00 00 00 00 00 00 00 00 00
00 00 00 d5 00 d5 00 00 00 00 66 00 00 00 00 00
00 00 00 00 00 00 00 00 00 00 00 00 00 00 00 00
00 00 00 06 00 00 00 00 00 00 00 00 00 00 00 00
00 00 00 00 00 00 00 00 00 00 00 00 00 00 00 00
00 00 00 00 00 00 00 00 00 00 00 00
AnimeMaker(used block: #2):
  04: ( 32, 27)
  07: ( 32, 28)
  07: ( 41, 27)
  D0: ( 48, 27)
  07: ( 49, 27)
  08: ( 50, 27)
  D5: ( 51, 28)
  66: ( 52, 27)
  D5: ( 53, 28)
  33: ( 57, 27)
  66: ( 58, 28)
  04: ( 75, 27)
  33: ( 78, 27)
  06: ( 79, 27)
  06: ( 83, 28)
Visual:
y\x| 32                         41                   48 49 50 51 52 53          57 58                                                 75       78 79          83
---+------------------------------------------------------------------------------------------------------------------------------------------------------------
 27| 04                         07                   D0 07 08    66             33                                                    04       33 06            
 28| 07                                                       D5    D5             66                                                                         06
----
Count:
  15
Unique Count:
   8
Hex:
04 00 00 00 00 00 00 00 00 07 00 00 00 00 00 00
d0 07 08 00 66 00 00 00 00 33 00 00 00 00 00 00
00 00 00 00 00 00 00 00 00 00 00 04 00 00 33 06
00 00 00 00 00 00 00 00 00 00 00 00 00 00 00 00
00 00 00 00 00 00 00 00 00 00 00 00 00 00 00 00
00 00 00 00 00 00 00 00 00 00 00 00 00 00 00 00
00 00 00 00 00 00 00 00 00 00 00 00 00 00 00 00
00 00 00 00 00 00 00 00 00 00 00 00
~
00 00 00 00 00 00 00 00 00 00 00 00 00 00 00 00
00 00 00 00 00 00 00 00 00 00 00 00 00 00 00 00
30 66 00 00 00 00 00 00 00 00 00 00 00 00 00 00
00 00 00 00 00 00 00 00 00 00 66 00 00 00 00 00
00 00 00 00 00 00 06 00 66 00 00 00 00 00 00 00
00 00 00 00 00 00 00 00 00 00 00 00 00 00 00 00
00 00 00 00 00 00 00 00 00 00 00 00 00 00 00 00
00 00 00 00 00 00 00 00 00 00 00 00
AnimeMaker(used block: #2):
  04: ( 32, 27)
  30: ( 32, 28)
  66: ( 33, 28)
  07: ( 41, 27)
  D0: ( 48, 27)
  07: ( 49, 27)
  08: ( 50, 27)
  66: ( 52, 27)
  33: ( 57, 27)
  66: ( 58, 28)
  06: ( 70, 28)
  66: ( 72, 28)
  04: ( 75, 27)
  33: ( 78, 27)
  06: ( 79, 27)
Visual:
y\x| 32 33                      41                   48 49 50    52             57 58                                  70    72       75       78 79
---+------------------------------------------------------------------------------------------------------------------------------------------------
 27| 04                         07                   D0 07 08    66             33                                                    04       33 06
 28| 30 66                                                                         66                                  06    66                     
----
Count:
  15
Unique Count:
   8
Hex:
04 00 00 00 00 00 00 00 00 07 00 00 00 00 00 00
d0 07 08 00 66 00 00 00 00 33 00 00 00 00 00 00
00 00 00 00 00 00 00 00 00 00 00 04 00 00 33 06
00 00 00 00 00 00 00 00 00 00 00 00 00 00 00 00
00 00 00 00 00 00 00 00 00 00 00 00 00 00 00 00
00 00 00 00 00 00 00 00 00 00 00 00 00 00 00 00
00 00 00 00 00 00 00 00 00 00 00 00 00 00 00 00
00 00 00 00 00 00 00 00 00 00 00 00
~
00 00 00 00 00 00 00 00 00 00 00 00 00 00 00 00
00 00 00 00 00 00 00 00 00 00 00 00 00 00 00 00
49 00 00 00 00 00 00 00 00 00 00 00 00 00 00 00
00 00 00 00 00 00 00 00 00 33 66 00 00 00 00 00
00 00 00 00 00 00 00 08 00 00 00 00 00 00 00 00
00 04 00 00 00 00 00 00 00 00 00 00 00 00 00 00
00 00 00 00 00 00 00 00 00 00 00 00 00 00 00 00
00 00 00 00 00 00 00 00 00 00 00 00
AnimeMaker(used block: #2):
  04: ( 32, 27)
  49: ( 32, 28)
  07: ( 41, 27)
  D0: ( 48, 27)
  07: ( 49, 27)
  08: ( 50, 27)
  66: ( 52, 27)
  33: ( 57, 27..28)
  66: ( 58, 28)
  08: ( 71, 28)
  04: ( 75, 27)
  33: ( 78, 27)
  06: ( 79, 27)
  04: ( 81, 28)
Visual:
y\x| 32                         41                   48 49 50    52             57 58                                     71          75       78 79    81
---+------------------------------------------------------------------------------------------------------------------------------------------------------
 27| 04                         07                   D0 07 08    66             33                                                    04       33 06      
 28| 49                                                                         33 66                                     08                            04
----
Count:
  15
Unique Count:
   8
Hex:
04 00 00 00 00 00 00 00 00 07 00 00 00 00 00 00
d0 07 08 00 66 00 00 00 00 33 00 00 00 00 00 00
00 00 00 00 00 00 00 00 00 00 00 04 00 00 33 06
00 00 00 00 00 00 00 00 00 00 00 00 00 00 00 00
00 00 00 00 00 00 00 00 00 00 00 00 00 00 00 00
00 00 00 00 00 00 00 00 00 00 00 00 00 00 00 00
00 00 00 00 00 00 00 00 00 00 00 00 00 00 00 00
00 00 00 00 00 00 00 00 00 00 00 00
~
00 00 00 00 00 00 00 00 00 00 00 00 00 00 00 00
00 00 00 00 00 00 00 00 00 00 00 00 00 00 00 00
cc 00 00 00 00 00 00 00 00 00 00 08 08 00 00 00
00 00 00 00 00 06 00 00 00 00 66 00 00 00 00 00
00 00 00 00 00 00 00 00 00 00 00 00 00 00 00 00
00 00 00 00 00 00 00 00 00 00 00 00 00 00 00 00
00 00 00 00 00 00 00 00 00 00 00 00 00 00 00 00
00 00 00 00 00 00 00 00 00 00 00 00
AnimeMaker(used block: #2):
  04: ( 32, 27)
  CC: ( 32, 28)
  07: ( 41, 27)
  08: ( 43..44, 28)
  D0: ( 48, 27)
  07: ( 49, 27)
  08: ( 50, 27)
  66: ( 52, 27)
  06: ( 53, 28)
  33: ( 57, 27)
  66: ( 58, 28)
  04: ( 75, 27)
  33: ( 78, 27)
  06: ( 79, 27)
Visual:
y\x| 32                         41    43 44          48 49 50    52 53          57 58                                                 75       78 79
---+------------------------------------------------------------------------------------------------------------------------------------------------
 27| 04                         07                   D0 07 08    66             33                                                    04       33 06
 28| CC                               08 08                         06             66                                                               
----
