Count:
  17
Unique Count:
   8
Hex:
04 00 00 00 00 00 00 00 08 00 00 00 1e 00 00 00
d0 07 08 00 00 00 00 00 00 00 00 00 00 2e 00 00
00 00 06 00 00 00 00 00 00 00 00 00 00 00 2e 06
00 00 00 00 00 00 00 00 00 00 00 00 00 00 00 00
00 00 00 00 00 00 00 00 00 00 00 00 00 00 00 00
00 00 00 00 00 00 00 00 00 00 00 00 00 00 00 00
00 00 00 00 00 00 00 00 00 00 00 00 00 00 00 00
00 00 00 00 00 00 00 00 00 00 00 00
~
00 00 00 00 00 00 00 00 00 00 00 00 00 00 00 00
00 00 00 00 00 00 00 00 00 00 00 00 00 00 00 00
00 00 00 00 00 00 00 00 00 00 00 00 00 00 00 00
00 00 00 00 87 87 87 00 00 06 00 00 00 00 00 06
04 00 00 07 00 00 00 00 00 00 00 00 00 00 00 00
00 00 00 00 00 00 00 00 00 00 00 00 00 00 00 00
00 00 00 00 00 00 00 00 00 00 00 00 00 00 00 00
00 00 00 00 00 00 00 00 00 00 00 00
AnimeMaker(used block: #2):
  04: ( 32, 27)
  08: ( 40, 27)
  1E: ( 44, 27)
  D0: ( 48, 27)
  07: ( 49, 27)
  08: ( 50, 27)
  87: ( 52..54, 28)
  06: ( 57, 28)
  2E: ( 61, 27)
  06: ( 63, 28)
  04: ( 64, 28)
  06: ( 66, 27)
  07: ( 67, 28)
  2E: ( 78, 27)
  06: ( 79, 27)
Visual:
y\x| 32                      40          44          48 49 50    52 53 54       57          61    63 64    66 67                               78 79
---+------------------------------------------------------------------------------------------------------------------------------------------------
 27| 04                      08          1E          D0 07 08                               2E             06                                  2E 06
 28|                                                             87 87 87       06                06 04       07                                    
----
Count:
  16
Unique Count:
   9
Hex:
04 00 00 00 00 00 00 00 00 00 00 00 00 00 00 00
d0 07 08 00 00 00 00 00 00 00 00 00 14 00 00 00
00 00 00 00 00 00 00 00 00 00 00 00 00 00 2e 06
00 00 c2 00 00 14 00 00 00 00 00 00 00 00 00 00
00 00 00 00 00 00 00 00 00 00 00 00 00 00 00 00
00 00 00 00 00 00 00 00 00 00 00 00 00 00 00 00
00 00 00 00 00 00 00 00 00 00 00 00 00 00 00 00
00 00 00 00 00 00 00 00 00 00 00 00
~
00 00 00 00 00 00 00 00 00 00 00 00 00 00 00 00
00 00 00 00 00 00 00 00 00 00 00 00 00 00 00 00
00 00 00 00 00 00 00 00 00 00 00 00 00 00 2e 00
00 00 c2 00 86 86 86 00 00 00 00 00 00 00 00 00
00 00 00 00 00 00 00 00 00 00 00 00 00 14 c2 00
00 00 00 00 00 00 00 00 00 00 00 00 00 00 00 00
00 00 00 00 00 00 00 00 00 00 00 00 00 00 00 00
00 00 00 00 00 00 00 00 00 00 00 00
AnimeMaker(used block: #2):
  04: ( 32, 27)
  2E: ( 46, 28)
  D0: ( 48, 27)
  07: ( 49, 27)
  08: ( 50, 27)
  C2: ( 50, 28)
  86: ( 52..54, 28)
  14: ( 60, 27)
  14: ( 77, 28)
  2E: ( 78, 27)
  C2: ( 78, 28)
  06: ( 79, 27)
  C2: ( 82, 27)
  14: ( 85, 27)
Visual:
y\x| 32                                        46    48 49 50    52 53 54                60                                                 77 78 79       82       85
---+------------------------------------------------------------------------------------------------------------------------------------------------------------------
 27| 04                                              D0 07 08                            14                                                    2E 06       C2       14
 28|                                           2E          C2    86 86 86                                                                   14 C2                     
----
Count:
  16
Unique Count:
   9
Hex:
04 00 00 00 00 00 00 00 08 00 00 00 1e 00 00 00
d0 07 08 00 00 00 00 00 00 00 00 00 00 2e 00 00
00 00 06 00 00 00 00 00 00 00 00 00 00 00 2e 06
00 00 00 00 00 00 00 00 00 00 00 00 00 00 00 00
00 00 00 00 00 00 00 00 00 00 00 00 00 00 00 00
00 00 00 00 00 00 00 00 00 00 00 00 00 00 00 00
00 00 00 00 00 00 00 00 00 00 00 00 00 00 00 00
00 00 00 00 00 00 00 00 00 00 00 00
~
00 00 00 00 00 00 00 00 00 00 00 00 00 00 00 00
00 00 00 00 00 00 00 00 00 00 00 00 00 00 00 00
00 00 1e 00 00 00 00 00 00 00 00 d0 00 00 00 00
00 00 00 00 87 87 87 00 00 00 00 00 00 00 00 00
00 00 00 00 00 00 00 00 00 00 00 00 00 00 49 00
00 00 00 00 00 00 00 00 00 00 00 00 00 00 00 00
00 00 00 00 00 00 00 00 00 00 00 00 00 00 00 00
00 00 00 00 00 00 00 00 00 00 00 00
AnimeMaker(used block: #2):
  04: ( 32, 27)
  1E: ( 34, 28)
  08: ( 40, 27)
  D0: ( 43, 28)
  1E: ( 44, 27)
  D0: ( 48, 27)
  07: ( 49, 27)
  08: ( 50, 27)
  87: ( 52..54, 28)
  2E: ( 61, 27)
  06: ( 66, 27)
  2E: ( 78, 27)
  49: ( 78, 28)
  06: ( 79, 27)
Visual:
y\x| 32    34                40       43 44          48 49 50    52 53 54                   61             66                                  78 79
---+------------------------------------------------------------------------------------------------------------------------------------------------
 27| 04                      08          1E          D0 07 08                               2E             06                                  2E 06
 28|       1E                         D0                         87 87 87                                                                      49   
